1004 1 160.610562 58.249187 159.463250 149.295688 13.302231 5.511056 5.492594 10.634400 5.723375 0.738500 0.145063 16.062375 210.920875 210.920875 210.709875 211.000000 
1006 1 33.489663 8.019340 31.682481 33.440356 0.079533 1.886286 0.114047 0.111046 0.000000 0.000000 0.049306 0.265825 34.300000 34.300000 34.300000 34.300000 
1009 1 63.236250 54.277781 77.142656 64.200469 13.582078 20.833313 20.512078 17.523516 1.371563 0.211406 0.149531 0.458906 73.512656 71.063438 75.363750 73.136250 
1011 1 3.770795 2.388170 3.046211 3.541590 3.597043 1.940850 2.839187 3.353050 0.000000 0.000000 0.000000 0.000000 0.000000 0.000000 0.000000 0.000000 
1021 1 194.076094 52.482216 176.058750 184.163437 6.546094 7.672022 11.861522 11.748056 5.561063 3.341625 0.000000 2.930156 199.500000 199.500000 199.450125 199.487531 
1023 1 152.448750 118.841625 173.846250 164.913750 0.370125 44.289000 49.651875 0.441000 0.742500 0.360000 0.000000 7.942500 175.905000 175.668750 173.261250 176.681250 
1026 1 120.109162 26.331952 115.397325 116.406450 3.602576 3.374359 7.085610 6.781320 1.831950 2.328750 0.000000 0.915975 124.200000 124.200000 124.200000 124.200000 
1033 1 222.886500 113.074763 226.709000 184.348750 8.684025 35.429363 20.055962 15.689625 2.971125 0.000000 0.000000 4.899750 276.853250 277.252875 276.749000 277.235500 
1035 1 87.058125 20.561625 77.203125 85.657500 1.090688 5.382562 4.311562 3.110625 0.388125 1.530000 0.056250 0.264375 90.000000 90.000000 90.000000 90.000000 
1039 1 136.114844 59.213875 132.952812 133.127969 1.445500 22.579484 5.807812 2.129531 0.000000 0.000000 0.000000 0.000000 145.296719 143.665000 146.697969 142.761562 
1042 1 116.985906 26.686957 102.647419 109.169069 2.325242 0.000000 4.853144 3.535862 0.350463 0.373319 4.662675 1.508512 121.900000 121.900000 121.900000 121.900000 
1043 1 56.429625 12.872790 49.513275 52.659075 1.121610 0.000000 2.340975 1.705567 0.169050 0.180075 2.249100 0.727650 58.800000 58.800000 58.800000 58.800000 
1048 1 0.000000 0.000000 0.000000 0.000000 0.000000 0.000000 0.000000 0.000000 0.000000 0.000000 0.000000 0.000000 0.000000 0.000000 0.000000 0.000000 
1049 1 0.000000 0.000000 0.000000 0.000000 0.000000 0.000000 0.000000 0.000000 0.000000 0.000000 0.000000 0.000000 0.000000 0.000000 0.000000 0.000000 
1050 1 26.820009 89.399999 37.210188 32.245322 89.400000 89.399999 89.400000 89.400000 89.400000 89.400000 89.400000 89.400000 26.820001 26.820004 26.820007 26.820001 
1051 1 26.820008 89.399999 29.521940 26.825292 89.400000 89.399999 89.400000 89.400000 89.400000 89.400000 89.400000 89.400000 26.820001 26.820004 26.820007 26.820001 
1052 1 26.820008 89.399999 34.891219 30.304437 89.400000 89.399999 89.400000 89.400000 89.400000 89.400000 89.400000 89.400000 26.820001 26.820004 26.820007 26.820001 
1053 1 0.000000 0.000000 0.000000 0.000000 0.000000 0.000000 0.000000 0.000000 0.000000 0.000000 0.000000 0.000000 0.000000 0.000000 0.000000 0.000000 
1057 1 82.432500 24.701250 72.195000 81.997500 2.751000 0.960750 1.984500 1.554000 0.045000 0.000000 2.917500 0.510000 120.000000 120.000000 120.000000 120.000000 
1059 1 0.000000 0.000000 0.000000 0.000000 0.000000 0.000000 0.000000 0.000000 0.000000 0.000000 0.000000 0.000000 0.000000 0.000000 0.000000 0.000000 
1060 1 0.000000 0.000000 0.000000 0.000000 0.000000 0.000000 0.000000 0.000000 0.000000 0.000000 0.000000 0.000000 0.000000 0.000000 0.000000 0.000000 
1062 1 0.552930 0.340832 0.440643 0.510964 0.529112 0.307372 0.404915 0.485444 0.000000 0.000000 0.000000 0.000000 0.000000 0.000000 0.000000 0.000000 
1063 1 84.782609 52.260870 67.565217 78.347826 81.130435 47.130435 62.086957 74.434783 0.000000 0.000000 0.000000 0.000000 0.000000 0.000000 0.000000 0.000000 
1066 1 133.967813 40.885031 127.216875 123.324844 1.701984 0.000000 2.512453 2.300484 0.320625 0.000000 6.154219 0.855000 142.455469 142.339687 142.428750 139.676719 
1070 1 157.771500 62.234878 138.340969 151.401656 2.148694 20.510897 6.186272 4.079709 0.642000 0.571781 0.180562 0.511594 160.500000 160.500000 160.500000 160.500000 
1072 1 57.640009 192.129998 62.729794 57.640160 192.130000 192.129999 192.130000 192.130000 192.130000 192.130000 192.130000 192.130000 57.640002 57.640006 57.640010 57.640002 
1073 1 57.640009 192.129998 64.409155 57.640190 192.130000 192.129999 192.130000 192.130000 192.130000 192.130000 192.130000 192.130000 57.640002 57.640006 57.640010 57.640002 
1074 1 57.640009 192.129998 60.319179 57.640129 192.130000 192.129999 192.130000 192.130000 192.130000 192.130000 192.130000 192.130000 57.640002 57.640006 57.640010 57.640002 
1075 1 57.640010 192.129998 72.577092 57.641314 192.130000 192.129999 192.130000 192.130000 192.130000 192.130000 192.130000 192.130000 57.640002 57.640007 57.640011 57.640002 
1076 1 0.000000 0.000000 0.000000 0.000000 0.000000 0.000000 0.000000 0.000000 0.000000 0.000000 0.000000 0.000000 0.000000 0.000000 0.000000 0.000000 
1077 1 0.000000 0.000000 0.000000 0.000000 0.000000 0.000000 0.000000 0.000000 0.000000 0.000000 0.000000 0.000000 0.000000 0.000000 0.000000 0.000000 
1078 1 95.499982 95.499999 95.499999 95.499981 95.500000 95.499999 95.500000 95.500000 95.500000 95.500000 95.500000 95.500000 47.381596 50.942043 45.233903 48.337268 
1079 1 95.499995 95.499999 95.500000 95.499990 95.500000 95.499999 95.500000 95.500000 95.500000 95.500000 95.500000 95.500000 95.499994 95.499983 95.499970 95.499995 
1080 1 81.143964 95.499999 95.499998 95.499947 95.500000 95.499999 95.500000 95.500000 95.500000 95.500000 95.500000 95.500000 30.279083 32.550765 28.968383 30.886437 
1081 1 0.000000 0.000000 0.000000 0.000000 0.000000 0.000000 0.000000 0.000000 0.000000 0.000000 0.000000 0.000000 0.000000 0.000000 0.000000 0.000000 
1082 1 148.743750 75.101250 136.575000 144.684375 5.768438 26.853750 8.006250 6.214688 2.259375 0.346875 0.000000 4.040625 150.000000 150.000000 150.000000 150.000000 
1084 1 111.782344 25.770937 100.391156 109.688906 1.500778 6.599381 5.841412 3.769631 0.519750 2.273906 0.021656 0.404250 115.500000 115.471125 115.500000 115.463906 
1088 1 74.643750 30.696094 68.517188 73.734375 1.844062 10.326094 2.772656 2.122969 1.617187 0.979688 0.117188 0.839063 75.000000 75.000000 75.000000 75.000000 
1090 1 106.435469 29.683172 108.656250 90.165625 0.340266 1.334375 1.621266 0.260203 3.621875 0.000000 0.000000 10.913281 152.500000 152.500000 152.500000 152.500000 
1090 2 33.030000 9.935100 26.232750 31.239000 0.724500 0.126000 2.000250 0.935550 0.891000 0.137250 0.182250 1.723500 36.000000 36.000000 36.000000 36.000000 
2004 1 0.000000 0.000000 0.000000 0.000000 0.000000 0.000000 0.000000 0.000000 0.000000 0.000000 0.000000 0.000000 0.000000 0.000000 0.000000 0.000000 
2005 1 0.000000 0.000000 0.000000 0.000000 0.000000 0.000000 0.000000 0.000000 0.000000 0.000000 0.000000 0.000000 0.000000 0.000000 0.000000 0.000000 
2006 1 0.000000 0.000000 0.000000 0.000000 0.000000 0.000000 0.000000 0.000000 0.000000 0.000000 0.000000 0.000000 0.000000 0.000000 0.000000 0.000000 
2013 1 161.620913 67.638559 169.945812 161.658525 92.045310 80.539646 64.698515 71.245598 39.831637 43.467512 28.949088 32.647650 200.600000 200.600000 200.600000 200.600000 
2019 1 192.575750 50.853950 151.428250 181.812000 4.740138 3.977137 5.464988 3.185525 9.755500 3.283625 0.844750 4.905000 218.000000 218.000000 218.000000 217.904625 
2023 1 83.329999 83.329999 83.330000 83.329997 83.330000 83.329999 83.330000 83.330000 83.330000 83.330000 83.330000 83.330000 83.329999 83.329998 83.329997 83.330000 
2024 1 166.669998 166.669999 166.670000 166.669996 166.670000 166.669999 166.670000 166.670000 166.670000 166.670000 166.670000 166.670000 166.669999 166.669997 166.669996 166.669999 
2042 1 59.182600 21.507920 52.700175 57.680150 36.548837 28.396305 27.887860 34.919027 29.143550 23.949650 14.656350 51.123100 79.600000 79.600000 79.600000 79.570150 
2056 1 0.000000 0.000000 0.000000 0.000000 0.000000 0.000000 0.000000 0.000000 0.000000 0.000000 0.000000 0.000000 0.000000 0.000000 0.000000 0.000000 
2057 1 401.013395 719.999995 439.415367 423.429238 720.000000 719.999999 720.000000 720.000000 720.000000 720.000000 720.000000 720.000000 357.797863 359.510058 356.531320 358.301488 
2059 1 67.470000 19.901000 59.555000 54.085000 4.728500 0.948500 3.570000 4.182500 2.245000 0.315000 0.000000 5.170000 79.855000 79.830000 79.735000 79.995000 
2062 1 121.614587 41.555106 102.260850 116.892512 9.637941 13.369904 16.550957 15.129257 3.689650 3.613488 4.036613 4.425887 135.400000 135.323837 135.374613 133.470550 
2071 1 145.171875 33.468750 130.378125 142.453125 1.949062 8.570625 7.586250 4.895625 0.675000 2.953125 0.028125 0.525000 150.000000 149.962500 150.000000 149.953125 
2076 1 29.066250 9.230813 27.528750 27.862500 1.044750 1.344000 1.279688 1.438500 0.108750 0.093750 0.000000 1.023750 30.000000 30.000000 30.000000 30.000000 
2078 1 92.756250 24.471563 74.692969 96.433594 2.997422 18.476719 5.448516 3.558516 9.618750 11.939063 18.857813 10.378125 112.500000 112.500000 112.500000 112.500000 
2083 1 19.999999 19.999999 20.000000 19.999998 20.000000 19.999999 20.000000 20.000000 20.000000 20.000000 20.000000 20.000000 20.000000 19.999999 19.999998 20.000000 
2084 1 0.000000 0.000000 0.000000 0.000000 0.000000 0.000000 0.000000 0.000000 0.000000 0.000000 0.000000 0.000000 0.000000 0.000000 0.000000 0.000000 
2085 1 0.000000 0.000000 0.000000 0.000000 0.000000 0.000000 0.000000 0.000000 0.000000 0.000000 0.000000 0.000000 0.000000 0.000000 0.000000 0.000000 
2089 1 60.552700 21.994927 59.306325 54.874300 1.659158 2.791880 2.697240 1.410727 0.092950 0.080275 0.067600 0.130975 67.578875 67.595775 67.600000 67.591550 
2094 1 7.796250 2.912437 6.861250 7.341250 4.590250 3.592750 3.474188 4.368437 4.238750 3.395625 1.666250 6.285000 10.000000 10.000000 10.000000 9.988750 
2095 1 61.980187 23.153878 54.546938 58.362938 36.492488 28.562362 27.619791 34.729078 33.698062 26.995219 13.246688 49.965750 79.500000 79.500000 79.500000 79.410562 
2099 1 8.310000 2.605313 8.649375 7.742500 1.034250 0.330313 1.340500 1.071875 0.969375 0.156250 0.374375 1.123750 9.978750 9.969375 9.908125 9.944375 
2100 1 124.650000 39.079687 129.740625 116.137500 15.513750 4.954688 20.107500 16.078125 14.540625 2.343750 5.615625 16.856250 149.681250 149.540625 148.621875 149.165625 
2103 1 0.000000 0.000000 0.000000 0.000000 0.000000 0.000000 0.000000 0.000000 0.000000 0.000000 0.000000 0.000000 0.000000 0.000000 0.000000 0.000000 
2104 1 0.000000 0.000000 0.000000 0.000000 0.000000 0.000000 0.000000 0.000000 0.000000 0.000000 0.000000 0.000000 0.000000 0.000000 0.000000 0.000000 
2105 1 0.000000 0.000000 0.000000 0.000000 0.000000 0.000000 0.000000 0.000000 0.000000 0.000000 0.000000 0.000000 0.000000 0.000000 0.000000 0.000000 
2115 1 184.719998 184.719999 184.720000 184.719995 184.720000 184.719999 184.720000 184.720000 184.720000 184.720000 184.720000 184.720000 184.719999 184.719997 184.719995 184.719999 
2116 1 184.719998 184.719999 184.720000 184.719995 184.720000 184.719999 184.720000 184.720000 184.720000 184.720000 184.720000 184.720000 184.719999 184.719997 184.719995 184.719999 
2117 1 184.719998 184.719999 184.720000 184.719995 184.720000 184.719999 184.720000 184.720000 184.720000 184.720000 184.720000 184.720000 184.719999 184.719997 184.719995 184.719999 
2118 1 184.719998 184.719999 184.720000 184.719995 184.720000 184.719999 184.720000 184.720000 184.720000 184.720000 184.720000 184.720000 184.719999 184.719997 184.719995 184.719999 
2119 1 184.719998 184.719999 184.720000 184.719995 184.720000 184.719999 184.720000 184.720000 184.720000 184.720000 184.720000 184.720000 184.719999 184.719997 184.719995 184.719999 
2120 1 184.719998 184.719999 184.720000 184.719995 184.720000 184.719999 184.720000 184.720000 184.720000 184.720000 184.720000 184.720000 184.719999 184.719997 184.719995 184.719999 
2123 1 138.250988 47.998326 144.848969 126.133869 83.857957 56.631347 71.083311 83.691020 49.274769 48.979506 32.478875 68.921081 181.700000 181.700000 181.700000 181.700000 
2127 1 282.737813 165.770036 276.226275 282.791925 176.754874 95.403945 173.838210 162.184181 59.505712 52.687537 57.305138 75.342637 288.600000 288.600000 288.600000 288.509813 
3004 1 36.210938 11.021719 33.278906 34.422656 1.337109 1.058203 1.837500 1.397812 1.291406 0.121875 0.000000 2.561719 37.500000 37.500000 37.500000 37.500000 
3017 1 165.368437 47.133713 147.115406 164.616281 5.976994 9.232453 8.535384 7.200572 0.275438 0.730969 0.000000 8.475000 169.404656 169.436438 169.489406 169.436438 
3020 1 146.634375 31.769063 132.759375 146.034375 1.076250 9.220313 0.905625 0.433125 0.000000 0.000000 0.000000 0.000000 150.000000 150.000000 150.000000 150.000000 
3028 1 175.050000 64.233750 161.362500 168.175000 4.138750 4.663750 11.707500 6.632500 10.375000 0.012500 0.000000 7.125000 200.000000 200.000000 200.000000 200.000000 
3034 1 118.730531 32.012466 94.783781 116.862750 3.094481 2.574928 1.650009 3.328566 4.347281 3.083063 0.212062 3.564281 130.149281 130.141125 129.814875 130.067719 
3039 1 182.888062 58.556575 166.925688 158.422000 3.337469 4.526156 11.850300 8.704850 13.767875 0.809875 0.862125 6.635750 209.000000 209.000000 209.000000 209.000000 
3043 1 0.000000 0.000000 0.000000 0.000000 0.000000 0.000000 0.000000 0.000000 0.000000 0.000000 0.000000 0.000000 0.000000 0.000000 0.000000 0.000000 
3044 1 0.000000 0.000000 0.000000 0.000000 0.000000 0.000000 0.000000 0.000000 0.000000 0.000000 0.000000 0.000000 0.000000 0.000000 0.000000 0.000000 
3045 1 0.000000 0.000000 0.000000 0.000000 0.000000 0.000000 0.000000 0.000000 0.000000 0.000000 0.000000 0.000000 0.000000 0.000000 0.000000 0.000000 
3048 1 229.959187 48.585600 191.203375 218.451437 6.305162 4.407287 13.664700 12.504888 13.721938 1.867750 1.220063 15.243250 241.000000 241.000000 241.000000 241.000000 
3055 1 235.393846 56.065782 213.926148 226.598372 7.122189 8.173355 9.814462 10.779818 0.689541 0.796802 0.000000 2.620254 245.124031 245.154677 245.170000 245.016769 
3056 1 235.393846 56.065782 213.926148 226.598372 7.122189 8.173355 9.814462 10.779818 0.689541 0.796802 0.000000 2.620254 245.124031 245.154677 245.170000 245.016769 
3057 1 235.393846 56.065782 213.926148 226.598372 7.122189 8.173355 9.814462 10.779818 0.689541 0.796802 0.000000 2.620254 245.124031 245.154677 245.170000 245.016769 
3060 1 162.503734 33.738831 143.114672 154.543142 6.536174 8.586880 9.108615 9.253541 0.383019 0.000000 0.031056 1.884041 165.619648 165.630000 165.630000 165.630000 
3061 1 112.100454 32.238844 119.936824 98.187534 0.369562 1.449262 1.797085 0.391301 3.933712 0.000000 0.000000 12.681047 165.630000 165.630000 165.630000 165.630000 
3062 1 162.503734 33.738831 143.114672 154.543142 6.536174 8.586880 9.108615 9.253541 0.383019 0.000000 0.031056 1.884041 165.619648 165.630000 165.630000 165.630000 
3063 1 162.503734 33.738831 143.114672 154.543142 6.536174 8.586880 9.108615 9.253541 0.383019 0.000000 0.031056 1.884041 165.619648 165.630000 165.630000 165.630000 
3065 1 72.666344 26.216838 73.486437 67.620000 2.458269 2.599144 5.008106 4.877797 3.552062 0.085531 0.010063 3.013719 80.500000 80.500000 80.500000 80.500000 
3068 1 138.262500 47.670000 137.850000 133.856250 5.250000 0.157500 10.473750 6.510000 0.281250 0.168750 2.850000 2.512500 59.643750 32.325000 76.500000 65.587500 
3071 1 118.788962 33.128366 121.267500 100.630750 0.379759 1.489250 1.809439 0.290404 4.042250 0.000000 0.000000 12.179937 170.200000 170.200000 170.200000 170.200000 
3074 1 86.227200 43.422980 85.728200 85.464443 1.172650 31.037800 3.952080 1.716560 4.441100 1.703729 0.106929 3.607057 99.800000 99.472086 99.800000 98.687943 
3081 1 223.555313 61.026788 215.198250 193.286250 5.501344 1.024012 10.654087 9.640969 7.205438 0.715875 0.217875 6.660750 249.000000 249.000000 249.000000 249.000000 
3084 1 227.966250 71.793094 202.405781 214.582969 7.954406 19.448625 11.585766 9.907406 0.624844 0.973594 0.000000 14.662031 232.500000 232.500000 232.500000 232.500000 
3086 1 66.253125 17.495625 52.096875 62.550000 1.630781 1.368281 1.880156 1.095938 3.356250 1.129687 0.290625 1.687500 75.000000 75.000000 75.000000 74.967187 
3087 1 66.253125 17.495625 52.096875 62.550000 1.630781 1.368281 1.880156 1.095938 3.356250 1.129687 0.290625 1.687500 75.000000 75.000000 75.000000 74.967187 
3092 1 184.212500 71.338750 146.537500 167.200000 6.763750 7.612500 6.440000 8.443750 2.950000 0.000000 0.000000 12.775000 200.000000 200.000000 200.000000 200.000000 
3095 1 117.260887 34.200652 110.469600 116.469450 4.173514 4.690586 5.772218 5.302631 0.324113 0.459788 0.000000 3.964725 120.600000 120.600000 120.600000 120.600000 
3098 1 119.312000 38.102400 112.624000 129.248000 6.697600 1.590400 3.920000 3.203200 5.488000 2.448000 0.368000 16.368000 160.000000 160.000000 160.000000 159.984000 
3105 1 44.500000 44.500000 44.500000 44.500000 44.500000 44.500000 44.500000 44.500000 44.500000 44.500000 44.500000 44.500000 44.500000 44.500000 44.500000 44.500000 
3106 1 53.020000 53.020000 53.020000 53.020000 53.020000 53.020000 53.020000 53.020000 53.020000 53.020000 53.020000 53.020000 53.020000 53.020000 53.020000 53.020000 
3110 1 78.519000 27.014925 70.586250 75.164250 3.913875 0.463050 2.160900 2.524725 1.785000 0.372750 0.210000 7.738500 83.994750 84.000000 84.000000 84.000000 
3112 1 71.410625 14.932417 58.007400 63.650125 2.163123 2.199120 3.154690 3.229957 2.258025 0.243100 0.084150 1.711050 74.800000 74.800000 74.800000 74.800000 
3113 1 65.950225 23.215115 58.231800 65.389225 2.441285 3.076150 3.059788 2.061675 0.088825 0.070125 0.158950 0.322575 74.743900 74.767275 74.800000 74.757925 
3117 1 57.802500 17.386425 45.907313 54.668250 1.267875 0.220500 3.500437 1.637213 1.559250 0.240187 0.318937 3.016125 63.000000 63.000000 63.000000 63.000000 
3118 1 99.870000 29.158500 93.562500 94.350000 2.987250 0.399000 1.606500 1.884750 0.180000 0.015000 0.000000 1.522500 119.812500 120.000000 117.727500 120.000000 
3120 1 14.855679 8.616597 11.554417 8.828604 14.128795 12.705315 10.600382 12.962753 0.000000 0.000000 0.000000 0.000000 0.000000 0.000000 0.000000 0.000000 
3122 1 188.196562 44.851975 150.618812 170.417313 8.929025 1.180769 10.652775 8.058531 11.142812 0.775687 0.603313 11.844625 197.000000 197.000000 197.000000 197.000000 
3127 1 132.713437 46.936969 118.260000 130.469063 4.045781 4.246594 8.073844 8.924344 7.990313 0.413438 0.000000 8.083125 135.000000 135.000000 135.000000 135.000000 
3129 1 114.427156 35.646909 108.434219 100.164281 2.617759 3.470053 7.095069 3.381503 6.135250 0.395313 0.585063 4.293094 126.500000 126.500000 126.500000 126.492094 
3131 1 107.359500 32.488575 95.339625 105.564000 3.870300 4.982513 5.785500 4.837875 0.548625 0.584250 0.000000 0.456000 114.000000 109.888875 114.000000 107.623125 
3133 1 0.000000 0.000000 0.000000 0.000000 0.000000 0.000000 0.000000 0.000000 0.000000 0.000000 0.000000 0.000000 0.000000 0.000000 0.000000 0.000000 
3133 2 0.000000 0.000000 0.000000 0.000000 0.000000 0.000000 0.000000 0.000000 0.000000 0.000000 0.000000 0.000000 0.000000 0.000000 0.000000 0.000000 
3133 3 0.000000 0.000000 0.000000 0.000000 0.000000 0.000000 0.000000 0.000000 0.000000 0.000000 0.000000 0.000000 0.000000 0.000000 0.000000 0.000000 
3137 1 92.477825 24.794000 84.634825 88.942150 2.528103 5.547657 5.684910 3.745665 0.158125 0.132825 0.000000 2.359225 101.200000 101.200000 101.200000 101.200000 
3141 1 88.897969 27.401391 85.175062 85.775531 2.650069 3.158466 6.316931 4.179263 7.634531 0.371719 0.000000 6.164813 91.500000 91.500000 91.500000 91.500000 
4010 1 156.088800 75.913740 128.784600 153.090000 5.521320 25.675020 13.662180 11.545380 0.907200 0.000000 0.000000 0.957600 201.083400 201.045600 201.196800 200.982600 
4026 1 271.944160 409.999985 282.732185 280.203650 410.000000 409.999997 409.999999 410.000000 410.000000 410.000000 410.000000 410.000000 258.010733 258.532647 257.574622 258.274704 
4030 1 208.193266 378.923010 219.697385 215.962822 562.080452 541.600982 540.269652 551.476234 622.382766 622.399999 622.399997 605.393297 193.349543 193.852728 192.745493 193.594858 
4045 1 93.400000 93.400000 93.400000 93.400000 93.400000 93.400000 93.400000 93.400000 93.400000 93.400000 93.400000 93.400000 93.400000 93.400000 93.400000 93.400000 
4046 1 28.500000 28.500000 28.500000 28.500000 28.500000 28.500000 28.500000 28.500000 28.500000 28.500000 28.500000 28.500000 28.500000 28.500000 28.500000 28.500000 
4047 1 27.480000 27.480000 27.480000 27.480000 27.480000 27.480000 27.480000 27.480000 27.480000 27.480000 27.480000 27.480000 27.480000 27.480000 27.480000 27.480000 
4050 1 146.750000 127.067500 174.250000 140.462500 36.216250 83.378750 70.533750 53.305000 0.537500 0.375000 13.662500 3.150000 189.287500 186.362500 185.587500 192.525000 
4052 1 44.199999 44.199999 44.200000 44.199997 44.200000 44.199999 44.200000 44.200000 44.200000 44.200000 44.200000 44.200000 44.199999 44.199998 44.199997 44.200000 
4058 1 143.999992 143.999998 143.999999 143.999976 144.000000 143.999999 144.000000 144.000000 144.000000 144.000000 144.000000 144.000000 143.999994 143.999982 143.999968 143.999995 
4059 1 143.999991 143.999998 143.999999 143.999973 144.000000 143.999999 144.000000 144.000000 144.000000 144.000000 144.000000 144.000000 143.999993 143.999979 143.999962 143.999994 
4060 1 143.999990 143.999998 143.999998 143.999972 144.000000 143.999999 144.000000 144.000000 144.000000 144.000000 144.000000 144.000000 143.999993 143.999978 143.999960 143.999994 
4061 1 172.329933 172.329997 172.329975 172.329776 172.330000 172.329999 172.330000 172.330000 172.330000 172.330000 172.330000 172.330000 157.692296 157.845120 155.432216 158.126384 
4062 1 158.004585 172.329997 151.386233 156.265922 172.330000 172.329999 172.330000 172.330000 172.330000 172.330000 172.330000 172.330000 134.925190 135.055734 132.998433 135.295789 
4063 1 172.329969 172.329997 172.329994 172.329908 172.330000 172.329999 172.330000 172.330000 172.330000 172.330000 172.330000 172.330000 172.216016 172.220889 170.033522 172.308887 
4065 1 46.999998 46.999999 47.000000 46.999996 47.000000 46.999999 47.000000 47.000000 47.000000 47.000000 47.000000 47.000000 46.999999 46.999997 46.999996 46.999999 
4075 1 0.000000 0.000000 0.000000 0.000000 0.000000 0.000000 0.000000 0.000000 0.000000 0.000000 0.000000 0.000000 0.000000 0.000000 0.000000 0.000000 
4076 1 52.900000 52.900000 52.900000 52.900001 52.900000 52.900000 52.900000 52.900000 52.900000 52.900000 52.900000 52.900000 52.900000 52.900000 52.900000 52.900000 
4077 1 52.900000 52.900000 52.900000 52.900001 52.900000 52.900000 52.900000 52.900000 52.900000 52.900000 52.900000 52.900000 52.900000 52.900000 52.900000 52.900000 
4082 1 194.970147 243.399997 191.103299 195.449936 243.400000 243.399999 243.400000 243.400000 243.400000 243.400000 243.400000 243.400000 166.944357 167.932079 165.542117 167.603285 
4083 1 197.535895 243.399997 193.615287 198.019329 243.400000 243.399999 243.400000 243.400000 243.400000 243.400000 243.400000 243.400000 169.142043 170.142787 167.720956 169.810023 
4084 1 218.286825 243.399997 213.927175 218.797286 243.400000 243.399999 243.400000 243.400000 243.400000 243.400000 243.400000 243.400000 186.907817 188.014165 185.333523 187.649550 
4085 1 105.600007 351.999969 105.600001 105.600020 352.000000 351.999998 352.000000 352.000000 352.000000 352.000000 352.000000 352.000000 105.600003 105.600009 105.600012 105.600002 
4090 1 0.000000 0.000000 0.000000 0.000000 0.000000 0.000000 0.000000 0.000000 0.000000 0.000000 0.000000 0.000000 0.000000 0.000000 0.000000 0.000000 
4091 1 23.499999 23.499999 23.500000 23.499997 23.500000 23.499999 23.500000 23.500000 23.500000 23.500000 23.500000 23.500000 23.499999 23.499998 23.499997 23.500000 
4092 1 0.000000 0.000000 0.000000 0.000000 0.000000 0.000000 0.000000 0.000000 0.000000 0.000000 0.000000 0.000000 0.000000 0.000000 0.000000 0.000000 
4093 1 27.999999 27.999999 28.000000 27.999997 28.000000 27.999999 28.000000 28.000000 28.000000 28.000000 28.000000 28.000000 27.999999 27.999998 27.999997 27.999999 
4094 1 27.999999 27.999999 28.000000 27.999997 28.000000 27.999999 28.000000 28.000000 28.000000 28.000000 28.000000 28.000000 27.999999 27.999998 27.999997 28.000000 
4095 1 27.999999 27.999999 28.000000 27.999997 28.000000 27.999999 28.000000 28.000000 28.000000 28.000000 28.000000 28.000000 27.999999 27.999998 27.999997 28.000000 
4096 1 0.000000 0.000000 0.000000 0.000000 0.000000 0.000000 0.000000 0.000000 0.000000 0.000000 0.000000 0.000000 0.000000 0.000000 0.000000 0.000000 
4097 1 27.999999 27.999999 28.000000 27.999997 28.000000 27.999999 28.000000 28.000000 28.000000 28.000000 28.000000 28.000000 27.999999 27.999998 27.999997 28.000000 
4098 1 0.000000 0.000000 0.000000 0.000000 0.000000 0.000000 0.000000 0.000000 0.000000 0.000000 0.000000 0.000000 0.000000 0.000000 0.000000 0.000000 
4105 1 129.127500 114.715125 150.997500 144.000000 43.092000 94.169250 72.883125 64.512000 5.051250 1.113750 0.720000 21.892500 161.403750 164.936250 166.320000 164.531250 
4115 1 39.540000 39.540000 39.540000 39.540001 39.540000 39.540000 39.540000 39.540000 39.540000 39.540000 39.540000 39.540000 39.540000 39.540000 39.540000 39.540000 
4116 1 39.540000 39.540000 39.540000 39.540001 39.540000 39.540000 39.540000 39.540000 39.540000 39.540000 39.540000 39.540000 39.540000 39.540000 39.540000 39.540000 
4133 1 0.000000 0.000000 0.000000 0.000000 0.000000 0.000000 0.000000 0.000000 0.000000 0.000000 0.000000 0.000000 0.000000 0.000000 0.000000 0.000000 
4134 1 10.080000 10.080000 10.080000 10.080001 10.080000 10.080000 10.080000 10.080000 10.080000 10.080000 10.080000 10.080000 10.080000 10.080000 10.080000 10.080000 
4135 1 10.080000 10.080000 10.080000 10.080001 10.080000 10.080000 10.080000 10.080000 10.080000 10.080000 10.080000 10.080000 10.080000 10.080000 10.080000 10.080000 
4136 1 10.080000 10.080000 10.080000 10.080001 10.080000 10.080000 10.080000 10.080000 10.080000 10.080000 10.080000 10.080000 10.080000 10.080000 10.080000 10.080000 
4137 1 0.000000 0.000000 0.000000 0.000000 0.000000 0.000000 0.000000 0.000000 0.000000 0.000000 0.000000 0.000000 0.000000 0.000000 0.000000 0.000000 
4138 1 0.000000 0.000000 0.000000 0.000000 0.000000 0.000000 0.000000 0.000000 0.000000 0.000000 0.000000 0.000000 0.000000 0.000000 0.000000 0.000000 
4142 1 159.224250 124.123475 181.572750 172.243250 0.386575 46.257400 51.858625 0.460600 0.775500 0.376000 0.000000 8.295500 183.723000 183.476250 180.961750 184.533750 
4153 1 252.508200 193.234440 276.739500 261.340500 50.836170 71.923950 81.959850 60.091500 1.168200 1.132800 0.867300 0.442500 246.861900 243.906000 253.587900 237.056100 
4160 1 197.769951 197.769997 197.769988 197.769845 197.770000 197.769999 197.770000 197.770000 197.770000 197.770000 197.770000 197.770000 188.458086 188.719432 186.351544 188.898240 
4161 1 197.769895 197.769997 197.769195 197.769600 197.770000 197.769999 197.770000 197.770000 197.770000 197.770000 197.770000 197.770000 179.223570 179.471808 177.229306 179.642488 
4162 1 177.956064 197.769997 171.210136 176.089406 197.770000 197.769999 197.770000 197.770000 197.770000 197.770000 197.770000 197.770000 154.598255 154.811887 152.883110 154.958795 
4163 1 0.000000 0.000000 0.000000 0.000000 0.000000 0.000000 0.000000 0.000000 0.000000 0.000000 0.000000 0.000000 0.000000 0.000000 0.000000 0.000000 
4166 1 159.958313 132.389906 181.427625 173.337375 32.958975 49.535194 45.578006 44.320500 3.655688 0.841688 0.979875 3.806437 183.148687 178.261875 185.208937 183.224063 
4177 1 143.203125 29.944688 116.325000 127.640625 4.337813 4.410000 6.326250 6.477188 4.528125 0.487500 0.168750 3.431250 150.000000 150.000000 150.000000 150.000000 
4181 1 94.284619 100.996782 138.956944 112.318631 32.209359 63.298087 48.108297 42.023626 6.415706 2.338669 0.675338 16.820906 160.442681 161.405663 175.049981 157.491206 
4183 1 187.927250 68.358981 173.844125 179.287062 106.122056 60.516838 82.240375 97.871375 64.465187 55.000313 47.565438 80.768625 203.000000 203.000000 203.000000 202.949250 
4192 1 74.999998 74.999999 75.000000 74.999995 75.000000 74.999999 75.000000 75.000000 75.000000 75.000000 75.000000 75.000000 74.999999 74.999997 74.999996 74.999999 
4192 2 183.769996 183.769998 183.769999 183.769989 183.770000 183.769999 183.770000 183.770000 183.770000 183.770000 183.770000 183.770000 183.769998 183.769993 183.769989 183.769998 
4192 3 0.000000 0.000000 0.000000 0.000000 0.000000 0.000000 0.000000 0.000000 0.000000 0.000000 0.000000 0.000000 0.000000 0.000000 0.000000 0.000000 
4192 4 60.999998 60.999999 61.000000 60.999996 61.000000 60.999999 61.000000 61.000000 61.000000 61.000000 61.000000 61.000000 60.999999 60.999998 60.999996 60.999999 
4192 5 10.399999 10.399999 10.400000 10.399997 10.400000 10.399999 10.400000 10.400000 10.400000 10.400000 10.400000 10.400000 10.399999 10.399998 10.399997 10.400000 
4192 6 235.636376 266.999997 234.930007 238.748726 267.000000 266.999999 267.000000 267.000000 267.000000 267.000000 267.000000 267.000000 212.321580 213.351349 211.759884 212.680036 
4192 7 235.636376 266.999997 234.930007 238.748726 267.000000 266.999999 267.000000 267.000000 267.000000 267.000000 267.000000 267.000000 212.321580 213.351349 211.759884 212.680036 
4192 8 235.636376 266.999997 234.930007 238.748726 267.000000 266.999999 267.000000 267.000000 267.000000 267.000000 267.000000 267.000000 212.321580 213.351349 211.759884 212.680036 
4192 9 183.769996 183.769998 183.769999 183.769989 183.770000 183.769999 183.770000 183.770000 183.770000 183.770000 183.770000 183.770000 183.769998 183.769993 183.769989 183.769998 
4192 10 183.769996 183.769998 183.769999 183.769989 183.770000 183.769999 183.770000 183.770000 183.770000 183.770000 183.770000 183.770000 183.769998 183.769993 183.769989 183.769998 
4194 1 186.631200 67.887540 172.645200 178.050600 105.390180 60.099480 81.673200 97.196400 64.020600 54.621000 47.237400 80.211600 201.600000 201.600000 201.600000 201.549600 
4195 1 85.169000 30.980425 78.786500 81.253250 48.094725 27.426350 37.271500 44.355500 29.215750 24.926250 21.556750 36.604500 92.000000 92.000000 92.000000 91.977000 
5020 1 75.900000 79.794750 95.872500 80.422500 1.664250 36.120000 43.333500 24.906000 2.370000 0.360000 0.075000 0.555000 113.925000 116.775000 115.567500 114.337500 
5023 1 0.000000 0.000000 0.000000 0.000000 0.000000 0.000000 0.000000 0.000000 0.000000 0.000000 0.000000 0.000000 0.000000 0.000000 0.000000 0.000000 
5035 1 0.000000 0.000000 0.000000 0.000000 0.000000 0.000000 0.000000 0.000000 0.000000 0.000000 0.000000 0.000000 0.000000 0.000000 0.000000 0.000000 
5036 1 0.000000 0.000000 0.000000 0.000000 0.000000 0.000000 0.000000 0.000000 0.000000 0.000000 0.000000 0.000000 0.000000 0.000000 0.000000 0.000000 
5037 1 308.469999 308.469999 308.470000 308.469998 308.470000 308.469999 308.470000 308.470000 308.470000 308.470000 308.470000 308.470000 308.470000 308.469999 308.469998 308.470000 
5038 1 308.469999 308.469999 308.470000 308.469998 308.470000 308.469999 308.470000 308.470000 308.470000 308.470000 308.470000 308.470000 308.470000 308.469999 308.469998 308.470000 
5039 1 308.469999 308.469999 308.470000 308.469998 308.470000 308.469999 308.470000 308.470000 308.470000 308.470000 308.470000 308.470000 308.470000 308.469999 308.469998 308.470000 
5040 1 308.469999 308.469999 308.470000 308.469998 308.470000 308.469999 308.470000 308.470000 308.470000 308.470000 308.470000 308.470000 308.470000 308.469999 308.469998 308.470000 
5041 1 308.469999 308.469999 308.470000 308.469998 308.470000 308.469999 308.470000 308.470000 308.470000 308.470000 308.470000 308.470000 308.470000 308.469999 308.469998 308.470000 
5042 1 308.469999 308.469999 308.470000 308.469998 308.470000 308.469999 308.470000 308.470000 308.470000 308.470000 308.470000 308.470000 308.470000 308.469999 308.469998 308.470000 
5051 1 84.699999 84.699999 84.700000 84.699998 84.700000 84.699999 84.700000 84.700000 84.700000 84.700000 84.700000 84.700000 84.699999 84.699998 84.699998 84.700000 
5057 1 0.000000 0.000000 0.000000 0.000000 0.000000 0.000000 0.000000 0.000000 0.000000 0.000000 0.000000 0.000000 0.000000 0.000000 0.000000 0.000000 
5058 1 317.349997 317.349999 317.350000 317.349993 317.350000 317.349999 317.350000 317.350000 317.350000 317.350000 317.350000 317.350000 317.349998 317.349995 317.349991 317.349999 
5065 1 10.599999 10.600000 10.600000 10.599998 10.600000 10.600000 10.600000 10.600000 10.600000 10.600000 10.600000 10.600000 10.600000 10.599999 10.599998 10.600000 
5066 1 0.000000 0.000000 0.000000 0.000000 0.000000 0.000000 0.000000 0.000000 0.000000 0.000000 0.000000 0.000000 0.000000 0.000000 0.000000 0.000000 
5067 1 438.269996 438.269999 438.270000 438.269990 438.270000 438.269999 438.270000 438.270000 438.270000 438.270000 438.270000 438.270000 438.269997 438.269991 438.269984 438.269998 
5068 1 438.269996 438.269999 438.270000 438.269990 438.270000 438.269999 438.270000 438.270000 438.270000 438.270000 438.270000 438.270000 438.269997 438.269990 438.269984 438.269997 
5069 1 438.269996 438.269999 438.270000 438.269990 438.270000 438.269999 438.270000 438.270000 438.270000 438.270000 438.270000 438.270000 438.269997 438.269990 438.269983 438.269997 
5089 1 0.000000 0.000000 0.000000 0.000000 0.000000 0.000000 0.000000 0.000000 0.000000 0.000000 0.000000 0.000000 0.000000 0.000000 0.000000 0.000000 
5106 1 0.000000 0.000000 0.000000 0.000000 0.000000 0.000000 0.000000 0.000000 0.000000 0.000000 0.000000 0.000000 0.000000 0.000000 0.000000 0.000000 
5107 1 0.000000 0.000000 0.000000 0.000000 0.000000 0.000000 0.000000 0.000000 0.000000 0.000000 0.000000 0.000000 0.000000 0.000000 0.000000 0.000000 
5166 1 126.499999 126.499999 126.500000 126.499998 126.500000 126.499999 126.500000 126.500000 126.500000 126.500000 126.500000 126.500000 126.500000 126.499999 126.499998 126.500000 
5167 1 1.599999 1.600000 1.600000 1.599998 1.600000 1.600000 1.600000 1.600000 1.600000 1.600000 1.600000 1.600000 1.600000 1.599999 1.599998 1.600000 
5170 1 52.560000 17.123400 50.112000 52.644000 1.486800 8.412600 2.276400 0.793800 0.000000 0.000000 0.264000 0.156000 60.000000 60.000000 60.000000 60.000000 
5198 1 122.203125 50.767500 124.640625 117.253125 1.909687 13.243125 5.243437 4.797187 0.271875 2.990625 1.453125 0.431250 150.000000 150.000000 150.000000 150.000000 
5206 1 248.669999 248.669999 248.670000 248.669996 248.670000 248.669999 248.670000 248.670000 248.670000 248.670000 248.670000 248.670000 248.669999 248.669998 248.669996 248.669999 
5207 1 248.669999 248.669999 248.670000 248.669996 248.670000 248.669999 248.670000 248.670000 248.670000 248.670000 248.670000 248.670000 248.669999 248.669998 248.669996 248.669999 
5208 1 248.669999 248.669999 248.670000 248.669996 248.670000 248.669999 248.670000 248.670000 248.670000 248.670000 248.670000 248.670000 248.669999 248.669998 248.669996 248.669999 
5238 1 181.546875 86.378906 169.931250 178.157813 6.930000 5.581406 6.752812 9.262969 0.675000 0.534375 0.000000 0.632812 224.943750 224.943750 225.000000 224.971875 
5243 1 117.206250 33.298125 78.393750 104.465625 1.168125 14.955937 2.723438 2.697188 0.000000 0.000000 0.000000 1.284375 150.000000 150.000000 150.000000 150.000000 
5262 1 1215.000000 1215.000000 1215.000000 1215.000000 1215.000000 1215.000000 1215.000000 1215.000000 1215.000000 1215.000000 1215.000000 1215.000000 1215.000000 1215.000000 1215.000000 1215.000000 
5263 1 1215.000000 1215.000000 1215.000000 1214.999999 1215.000000 1215.000000 1215.000000 1215.000000 1215.000000 1215.000000 1215.000000 1215.000000 1215.000000 1215.000000 1215.000000 1215.000000 
5281 1 80.320002 147.605620 80.320000 80.320007 267.729999 267.729994 267.729999 267.730000 267.729999 267.730000 267.730000 267.729999 80.320001 80.320003 80.320005 80.320001 
5282 1 80.320002 147.605620 80.320000 80.320007 267.729999 267.729994 267.729999 267.730000 267.729999 267.730000 267.730000 267.729999 80.320001 80.320003 80.320005 80.320001 
5283 1 0.000000 0.000000 0.000000 0.000000 0.000000 0.000000 0.000000 0.000000 0.000000 0.000000 0.000000 0.000000 0.000000 0.000000 0.000000 0.000000 
5297 1 0.000000 0.000000 0.000000 0.000000 0.000000 0.000000 0.000000 0.000000 0.000000 0.000000 0.000000 0.000000 0.000000 0.000000 0.000000 0.000000 
5298 1 114.999999 114.999999 115.000000 114.999997 115.000000 114.999999 115.000000 115.000000 115.000000 115.000000 115.000000 115.000000 114.999999 114.999998 114.999998 115.000000 
5299 1 114.999999 114.999999 115.000000 114.999997 115.000000 114.999999 115.000000 115.000000 115.000000 115.000000 115.000000 115.000000 114.999999 114.999998 114.999998 115.000000 
5300 1 114.999999 114.999999 115.000000 114.999997 115.000000 114.999999 115.000000 115.000000 115.000000 115.000000 115.000000 115.000000 114.999999 114.999998 114.999998 115.000000 
5301 1 82.699999 82.699999 82.700000 82.699998 82.700000 82.699999 82.700000 82.700000 82.700000 82.700000 82.700000 82.700000 82.700000 82.699999 82.699998 82.700000 
5302 1 297.287289 463.749998 358.132088 335.229134 463.750000 463.749999 463.750000 463.750000 463.750000 463.750000 463.750000 463.750000 222.232573 224.759925 220.578851 222.869474 
5303 1 303.697302 463.749998 365.894654 342.480926 463.750000 463.749999 463.750000 463.750000 463.750000 463.750000 463.750000 463.750000 226.986154 229.568695 225.296349 227.636976 
5319 1 78.840003 259.382902 78.840000 78.840008 262.800000 262.799998 262.800000 262.800000 262.800000 262.800000 262.800000 262.800000 78.840001 78.840003 78.840005 78.840001 
5320 1 0.000000 0.000000 0.000000 0.000000 0.000000 0.000000 0.000000 0.000000 0.000000 0.000000 0.000000 0.000000 0.000000 0.000000 0.000000 0.000000 
5321 1 78.840003 258.854385 78.840000 78.840008 262.800000 262.799998 262.800000 262.800000 262.800000 262.800000 262.800000 262.800000 78.840001 78.840003 78.840005 78.840001 
5324 1 284.069999 284.069999 284.070000 284.069998 284.070000 284.069999 284.070000 284.070000 284.070000 284.070000 284.070000 284.070000 284.070000 284.069999 284.069998 284.070000 
5325 1 284.069999 284.069999 284.070000 284.069998 284.070000 284.069999 284.070000 284.070000 284.070000 284.070000 284.070000 284.070000 284.070000 284.069999 284.069998 284.070000 
5326 1 284.069999 284.069999 284.070000 284.069998 284.070000 284.069999 284.070000 284.070000 284.070000 284.070000 284.070000 284.070000 284.070000 284.069999 284.069998 284.070000 
5342 1 8.400000 8.400000 8.400000 8.400000 8.400000 8.400000 8.400000 8.400000 8.400000 8.400000 8.400000 8.400000 8.400000 8.400000 8.400000 8.400000 
5343 1 207.500000 207.500000 207.500000 207.500000 207.500000 207.500000 207.500000 207.500000 207.500000 207.500000 207.500000 207.500000 207.500000 207.500000 207.500000 207.500000 
5360 1 302.400003 404.334978 302.400000 302.400008 688.343944 672.687031 662.317488 676.067475 761.924580 784.521043 793.057037 738.364101 302.400001 302.400003 302.400005 302.400001 
5363 1 10.399999 10.399999 10.400000 10.399998 10.400000 10.400000 10.400000 10.400000 10.400000 10.400000 10.400000 10.400000 10.400000 10.399999 10.399998 10.400000 
5364 1 213.329999 213.329999 213.330000 213.329997 213.330000 213.329999 213.330000 213.330000 213.330000 213.330000 213.330000 213.330000 213.329999 213.329998 213.329997 213.329999 
5365 1 213.329999 213.329999 213.330000 213.329997 213.330000 213.329999 213.330000 213.330000 213.330000 213.330000 213.330000 213.330000 213.329999 213.329998 213.329997 213.329999 
5366 1 213.329999 213.329999 213.330000 213.329997 213.330000 213.329999 213.330000 213.330000 213.330000 213.330000 213.330000 213.330000 213.329999 213.329998 213.329997 213.329999 
5367 1 213.329999 213.329999 213.330000 213.329997 213.330000 213.329999 213.330000 213.330000 213.330000 213.330000 213.330000 213.330000 213.329999 213.329998 213.329997 213.329999 
5368 1 213.329999 213.329999 213.330000 213.329997 213.330000 213.329999 213.330000 213.330000 213.330000 213.330000 213.330000 213.330000 213.329999 213.329998 213.329997 213.329999 
5369 1 213.329999 213.329999 213.330000 213.329997 213.330000 213.329999 213.330000 213.330000 213.330000 213.330000 213.330000 213.330000 213.329999 213.329998 213.329997 213.329999 
5382 1 208.999999 208.999999 209.000000 208.999998 209.000000 208.999999 209.000000 209.000000 209.000000 209.000000 209.000000 209.000000 209.000000 208.999999 208.999998 209.000000 
5383 1 208.999999 208.999999 209.000000 208.999998 209.000000 208.999999 209.000000 209.000000 209.000000 209.000000 209.000000 209.000000 209.000000 208.999999 208.999998 209.000000 
5399 1 156.316050 47.063520 157.516650 152.424450 2.999430 4.875885 5.288850 7.426125 8.725050 0.517500 0.186300 5.247450 165.600000 165.600000 165.600000 165.558600 
5403 1 89.399999 89.399999 89.400000 89.399998 89.400000 89.399999 89.400000 89.400000 89.400000 89.400000 89.400000 89.400000 89.400000 89.399999 89.399998 89.400000 
5404 1 89.399999 89.399999 89.400000 89.399998 89.400000 89.399999 89.400000 89.400000 89.400000 89.400000 89.400000 89.400000 89.400000 89.399999 89.399998 89.400000 
5405 1 89.399999 89.399999 89.400000 89.399998 89.400000 89.399999 89.400000 89.400000 89.400000 89.400000 89.400000 89.400000 89.400000 89.399999 89.399998 89.400000 
5406 1 89.399999 89.399999 89.400000 89.399998 89.400000 89.399999 89.400000 89.400000 89.400000 89.400000 89.400000 89.400000 89.400000 89.399999 89.399998 89.400000 
5415 1 121.999999 121.999999 122.000000 121.999997 122.000000 121.999999 122.000000 122.000000 122.000000 122.000000 122.000000 122.000000 121.999999 121.999998 121.999998 122.000000 
5416 1 121.999999 121.999999 122.000000 121.999997 122.000000 121.999999 122.000000 122.000000 122.000000 122.000000 122.000000 122.000000 121.999999 121.999998 121.999998 122.000000 
5417 1 121.999999 121.999999 122.000000 121.999997 122.000000 121.999999 122.000000 122.000000 122.000000 122.000000 122.000000 122.000000 121.999999 121.999998 121.999998 122.000000 
5418 1 118.799999 118.799999 118.800000 118.799997 118.800000 118.799999 118.800000 118.800000 118.800000 118.800000 118.800000 118.800000 118.799999 118.799998 118.799998 118.800000 
5419 1 118.799999 118.799999 118.800000 118.799997 118.800000 118.799999 118.800000 118.800000 118.800000 118.800000 118.800000 118.800000 118.799999 118.799998 118.799998 118.800000 
5423 1 12.399999 12.400000 12.400000 12.399999 12.400000 12.400000 12.400000 12.400000 12.400000 12.400000 12.400000 12.400000 12.400000 12.399999 12.399999 12.400000 
5424 1 0.000000 0.000000 0.000000 0.000000 0.000000 0.000000 0.000000 0.000000 0.000000 0.000000 0.000000 0.000000 0.000000 0.000000 0.000000 0.000000 
5444 1 0.000000 0.000000 0.000000 0.000000 0.000000 0.000000 0.000000 0.000000 0.000000 0.000000 0.000000 0.000000 0.000000 0.000000 0.000000 0.000000 
5444 2 0.000000 0.000000 0.000000 0.000000 0.000000 0.000000 0.000000 0.000000 0.000000 0.000000 0.000000 0.000000 0.000000 0.000000 0.000000 0.000000 
5444 3 0.000000 0.000000 0.000000 0.000000 0.000000 0.000000 0.000000 0.000000 0.000000 0.000000 0.000000 0.000000 0.000000 0.000000 0.000000 0.000000 
5444 4 86.700003 279.386175 86.700001 86.700010 289.000000 288.999998 289.000000 289.000000 289.000000 289.000000 289.000000 289.000000 86.700001 86.700004 86.700006 86.700001 
5444 5 86.700003 279.386175 86.700001 86.700010 289.000000 288.999998 289.000000 289.000000 289.000000 289.000000 289.000000 289.000000 86.700001 86.700004 86.700006 86.700001 
5444 6 0.000000 0.000000 0.000000 0.000000 0.000000 0.000000 0.000000 0.000000 0.000000 0.000000 0.000000 0.000000 0.000000 0.000000 0.000000 0.000000 
5444 7 116.468692 141.299998 141.299990 136.191235 141.300000 141.299999 141.300000 141.300000 141.300000 141.300000 141.300000 141.300000 77.860132 79.173633 76.995063 78.194361 
5444 8 116.468692 141.299998 141.299990 136.191235 141.300000 141.299999 141.300000 141.300000 141.300000 141.300000 141.300000 141.300000 77.860132 79.173633 76.995063 78.194361 
6006 1 212.999997 212.999998 213.000000 212.999991 213.000000 212.999999 213.000000 213.000000 213.000000 213.000000 213.000000 213.000000 212.999998 212.999994 212.999990 212.999998 
6007 1 0.000000 0.000000 0.000000 0.000000 0.000000 0.000000 0.000000 0.000000 0.000000 0.000000 0.000000 0.000000 0.000000 0.000000 0.000000 0.000000 
6008 1 198.329997 198.329999 198.330000 198.329993 198.330000 198.329999 198.330000 198.330000 198.330000 198.330000 198.330000 198.330000 198.329998 198.329995 198.329992 198.329999 
6009 1 198.329997 198.329999 198.330000 198.329993 198.330000 198.329999 198.330000 198.330000 198.330000 198.330000 198.330000 198.330000 198.329998 198.329995 198.329992 198.329999 
6010 1 198.329997 198.329999 198.330000 198.329993 198.330000 198.329999 198.330000 198.330000 198.330000 198.330000 198.330000 198.330000 198.329998 198.329995 198.329992 198.329999 
6041 1 0.000000 0.000000 0.000000 0.000000 0.000000 0.000000 0.000000 0.000000 0.000000 0.000000 0.000000 0.000000 0.000000 0.000000 0.000000 0.000000 
6042 1 0.000000 0.000000 0.000000 0.000000 0.000000 0.000000 0.000000 0.000000 0.000000 0.000000 0.000000 0.000000 0.000000 0.000000 0.000000 0.000000 
6048 1 0.000000 0.000000 0.000000 0.000000 0.000000 0.000000 0.000000 0.000000 0.000000 0.000000 0.000000 0.000000 0.000000 0.000000 0.000000 0.000000 
6049 1 0.000000 0.000000 0.000000 0.000000 0.000000 0.000000 0.000000 0.000000 0.000000 0.000000 0.000000 0.000000 0.000000 0.000000 0.000000 0.000000 
6050 1 0.000000 0.000000 0.000000 0.000000 0.000000 0.000000 0.000000 0.000000 0.000000 0.000000 0.000000 0.000000 0.000000 0.000000 0.000000 0.000000 
6051 1 57.399999 57.399999 57.400000 57.399998 57.400000 57.399999 57.400000 57.400000 57.400000 57.400000 57.400000 57.400000 57.400000 57.399999 57.399998 57.400000 
6052 1 0.000000 0.000000 0.000000 0.000000 0.000000 0.000000 0.000000 0.000000 0.000000 0.000000 0.000000 0.000000 0.000000 0.000000 0.000000 0.000000 
6053 1 57.399999 57.399999 57.400000 57.399998 57.400000 57.399999 57.400000 57.400000 57.400000 57.400000 57.400000 57.400000 57.400000 57.399999 57.399998 57.400000 
6054 1 57.399999 57.399999 57.400000 57.399998 57.400000 57.399999 57.400000 57.400000 57.400000 57.400000 57.400000 57.400000 57.400000 57.399999 57.399998 57.400000 
6069 1 181.369997 181.369999 181.370000 181.369992 181.370000 181.369999 181.370000 181.370000 181.370000 181.370000 181.370000 181.370000 181.369998 181.369995 181.369992 181.369999 
6070 1 181.369997 181.369998 181.370000 181.369992 181.370000 181.369999 181.370000 181.370000 181.370000 181.370000 181.370000 181.370000 181.369998 181.369995 181.369992 181.369999 
6071 1 181.369997 181.369999 181.370000 181.369993 181.370000 181.369999 181.370000 181.370000 181.370000 181.370000 181.370000 181.370000 181.369998 181.369995 181.369992 181.369999 
6072 1 0.000000 0.000000 0.000000 0.000000 0.000000 0.000000 0.000000 0.000000 0.000000 0.000000 0.000000 0.000000 0.000000 0.000000 0.000000 0.000000 
6073 1 181.369997 181.369999 181.370000 181.369992 181.370000 181.369999 181.370000 181.370000 181.370000 181.370000 181.370000 181.370000 181.369998 181.369995 181.369992 181.369999 
6074 1 181.369997 181.369999 181.370000 181.369992 181.370000 181.369999 181.370000 181.370000 181.370000 181.370000 181.370000 181.370000 181.369998 181.369995 181.369992 181.369999 
6078 1 169.000019 308.937402 169.000006 169.000082 450.373239 439.022003 436.524919 443.435628 490.496266 500.721127 505.338257 478.798253 169.000006 169.000018 169.000027 169.000005 
6079 1 169.000019 310.671211 169.000007 169.000085 452.918558 441.501434 438.991208 445.940901 493.268789 503.593031 508.269084 481.505957 169.000006 169.000019 169.000028 169.000005 
6080 1 169.000019 310.920646 169.000007 169.000086 453.284853 441.858238 439.346120 446.301427 493.667809 503.990780 508.667498 481.895642 169.000006 169.000019 169.000028 169.000005 
6082 1 41.370000 41.370000 41.370000 41.370000 41.370000 41.370000 41.370000 41.370000 41.370000 41.370000 41.370000 41.370000 41.370000 41.370000 41.370000 41.370000 
6083 1 65.300000 65.300000 65.300000 65.300000 65.300000 65.300000 65.300000 65.300000 65.300000 65.300000 65.300000 65.300000 65.300000 65.300000 65.300000 65.300000 
6085 1 0.523172 0.285416 0.399691 0.475513 0.500426 0.445725 0.368279 0.451683 0.000000 0.000000 0.000000 0.000000 0.000000 0.000000 0.000000 0.000000 
6086 1 11.210832 6.116054 8.564797 10.189555 10.723404 9.551257 7.891683 9.678917 0.000000 0.000000 0.000000 0.000000 0.000000 0.000000 0.000000 0.000000 
6087 1 2.055319 1.121277 1.570213 1.868085 1.965957 1.751064 1.446809 1.774468 0.000000 0.000000 0.000000 0.000000 0.000000 0.000000 0.000000 0.000000 
6088 1 3.961161 2.161006 3.026228 3.600309 3.788936 3.374778 2.788395 3.419884 0.000000 0.000000 0.000000 0.000000 0.000000 0.000000 0.000000 0.000000 
6089 1 5.194352 2.833772 3.968356 4.721161 4.968511 4.425416 3.656480 4.484565 0.000000 0.000000 0.000000 0.000000 0.000000 0.000000 0.000000 0.000000 
6090 1 15.209362 8.297447 11.619574 13.823830 14.548085 12.957872 10.706383 13.131064 0.000000 0.000000 0.000000 0.000000 0.000000 0.000000 0.000000 0.000000 
6104 1 60.499998 60.499999 60.500000 60.499996 60.500000 60.499999 60.500000 60.500000 60.500000 60.500000 60.500000 60.500000 60.499999 60.499997 60.499996 60.499999 
6105 1 60.499998 60.499999 60.500000 60.499996 60.500000 60.499999 60.500000 60.500000 60.500000 60.500000 60.500000 60.500000 60.499999 60.499997 60.499996 60.499999 
6106 1 120.999997 120.999998 121.000000 120.999993 121.000000 120.999999 121.000000 121.000000 121.000000 121.000000 121.000000 121.000000 120.999999 120.999996 120.999993 120.999999 
6110 1 311.433431 564.086180 333.966640 325.549651 590.600000 590.599996 590.599999 590.600000 590.599999 590.600000 590.600000 590.600000 287.312510 288.202335 286.822077 287.589927 
6111 1 311.683326 564.549655 334.235241 325.811136 661.499999 661.499994 661.499999 661.500000 661.499999 661.500000 661.500000 661.499999 287.542818 288.433386 287.051967 287.820468 
6144 1 0.000000 0.000000 0.000000 0.000000 0.000000 0.000000 0.000000 0.000000 0.000000 0.000000 0.000000 0.000000 0.000000 0.000000 0.000000 0.000000 
6145 1 445.999991 445.999998 445.999999 445.999979 446.000000 445.999998 446.000000 446.000000 446.000000 446.000000 446.000000 446.000000 445.999992 445.999978 445.999960 445.999994 
6146 1 445.999991 445.999998 445.999999 445.999979 446.000000 445.999998 446.000000 446.000000 446.000000 446.000000 446.000000 446.000000 445.999993 445.999979 445.999962 445.999994 
6147 1 279.600001 279.600003 279.600000 279.600004 334.978542 298.819694 292.332561 314.485772 459.106746 493.435496 510.262036 422.109556 279.600001 279.600002 279.600003 279.600000 
6148 1 0.000000 0.000000 0.000000 0.000000 0.000000 0.000000 0.000000 0.000000 0.000000 0.000000 0.000000 0.000000 0.000000 0.000000 0.000000 0.000000 
6149 1 216.600004 392.005890 216.600001 216.600012 721.999998 721.999972 721.999994 721.999998 721.999999 722.000000 721.999999 721.999999 216.600002 216.600005 216.600007 216.600001 
6164 1 235.049992 235.049998 235.049999 235.049981 235.050000 235.049998 235.050000 235.050000 235.050000 235.050000 235.050000 235.050000 235.049994 235.049982 235.049969 235.049995 
6165 1 235.049992 235.049998 235.049999 235.049980 235.050000 235.049998 235.050000 235.050000 235.050000 235.050000 235.050000 235.050000 235.049994 235.049982 235.049967 235.049995 
6166 1 235.049992 235.049998 235.049999 235.049982 235.050000 235.049998 235.050000 235.050000 235.050000 235.050000 235.050000 235.050000 235.049994 235.049983 235.049970 235.049995 
6167 1 235.049992 235.049998 235.049999 235.049981 235.050000 235.049998 235.050000 235.050000 235.050000 235.050000 235.050000 235.050000 235.049994 235.049983 235.049969 235.049995 
6213 1 177.900000 177.900000 177.900000 177.900000 177.900000 177.900000 177.900000 177.900000 177.900000 177.900000 177.900000 177.900000 177.900000 177.900000 177.900000 177.900000 
6214 1 552.300000 552.300000 552.300000 552.300000 552.300000 552.300000 552.300000 552.300000 552.300000 552.300000 552.300000 552.300000 552.300000 552.300000 552.300000 552.300000 
6215 1 552.300000 552.300000 552.300000 552.300000 552.300000 552.300000 552.300000 552.300000 552.300000 552.300000 552.300000 552.300000 552.300000 552.300000 552.300000 552.300000 
6216 1 552.300000 552.300000 552.300000 552.300000 552.300000 552.300000 552.300000 552.300000 552.300000 552.300000 552.300000 552.300000 552.300000 552.300000 552.300000 552.300000 
6242 1 60.999999 60.999999 61.000000 60.999998 61.000000 60.999999 61.000000 61.000000 61.000000 61.000000 61.000000 61.000000 61.000000 60.999999 60.999998 61.000000 
6243 1 182.999999 182.999999 183.000000 182.999997 183.000000 182.999999 183.000000 183.000000 183.000000 183.000000 183.000000 183.000000 182.999999 182.999998 182.999997 183.000000 
6244 1 297.999998 297.999999 298.000000 297.999995 298.000000 297.999999 298.000000 298.000000 298.000000 298.000000 298.000000 298.000000 297.999999 297.999997 297.999995 297.999999 
6245 1 297.999998 297.999999 298.000000 297.999995 298.000000 297.999999 298.000000 298.000000 298.000000 298.000000 298.000000 298.000000 297.999999 297.999997 297.999995 297.999999 
6246 1 297.999998 297.999999 298.000000 297.999995 298.000000 297.999999 298.000000 298.000000 298.000000 298.000000 298.000000 298.000000 297.999999 297.999997 297.999995 297.999999 
6247 1 183.329999 183.329999 183.330000 183.329997 183.330000 183.329999 183.330000 183.330000 183.330000 183.330000 183.330000 183.330000 183.329999 183.329998 183.329997 183.330000 
6248 1 183.329999 183.329999 183.330000 183.329997 183.330000 183.329999 183.330000 183.330000 183.330000 183.330000 183.330000 183.330000 183.329999 183.329998 183.329997 183.330000 
6249 1 183.329999 183.329999 183.330000 183.329997 183.330000 183.329999 183.330000 183.330000 183.330000 183.330000 183.330000 183.330000 183.329999 183.329998 183.329997 183.330000 
6257 1 193.999997 193.999999 194.000000 193.999993 194.000000 193.999999 194.000000 194.000000 194.000000 194.000000 194.000000 194.000000 193.999999 193.999996 193.999993 193.999999 
6258 1 193.999997 193.999999 194.000000 193.999993 194.000000 193.999999 194.000000 194.000000 194.000000 194.000000 194.000000 194.000000 193.999998 193.999995 193.999993 193.999999 
6259 1 0.000000 0.000000 0.000000 0.000000 0.000000 0.000000 0.000000 0.000000 0.000000 0.000000 0.000000 0.000000 0.000000 0.000000 0.000000 0.000000 
6260 1 256.999994 256.999998 256.999999 256.999986 257.000000 256.999999 257.000000 257.000000 257.000000 257.000000 257.000000 257.000000 256.999996 256.999988 256.999979 256.999997 
6266 1 4.500000 4.500000 4.500000 4.500000 4.500000 4.500000 4.500000 4.500000 4.500000 4.500000 4.500000 4.500000 4.500000 4.500000 4.500000 4.500000 
6267 1 7.200000 7.200000 7.200000 7.200000 7.200000 7.200000 7.200000 7.200000 7.200000 7.200000 7.200000 7.200000 7.200000 7.200000 7.200000 7.200000 
6268 1 4.500000 4.500000 4.500000 4.500000 4.500000 4.500000 4.500000 4.500000 4.500000 4.500000 4.500000 4.500000 4.500000 4.500000 4.500000 4.500000 
6269 1 7.200000 7.200000 7.200000 7.200000 7.200000 7.200000 7.200000 7.200000 7.200000 7.200000 7.200000 7.200000 7.200000 7.200000 7.200000 7.200000 
6270 1 0.000000 0.000000 0.000000 0.000000 0.000000 0.000000 0.000000 0.000000 0.000000 0.000000 0.000000 0.000000 0.000000 0.000000 0.000000 0.000000 
6271 1 0.000000 0.000000 0.000000 0.000000 0.000000 0.000000 0.000000 0.000000 0.000000 0.000000 0.000000 0.000000 0.000000 0.000000 0.000000 0.000000 
6272 1 0.000000 0.000000 0.000000 0.000000 0.000000 0.000000 0.000000 0.000000 0.000000 0.000000 0.000000 0.000000 0.000000 0.000000 0.000000 0.000000 
6273 1 0.000000 0.000000 0.000000 0.000000 0.000000 0.000000 0.000000 0.000000 0.000000 0.000000 0.000000 0.000000 0.000000 0.000000 0.000000 0.000000 
6274 1 8.400000 8.400000 8.400000 8.400000 8.400000 8.400000 8.400000 8.400000 8.400000 8.400000 8.400000 8.400000 8.400000 8.400000 8.400000 8.400000 
6295 1 206.229997 206.229999 206.230000 206.229992 206.230000 206.229999 206.230000 206.230000 206.230000 206.230000 206.230000 206.230000 206.229998 206.229995 206.229991 206.229999 
6296 1 206.229997 206.229999 206.230000 206.229992 206.230000 206.229999 206.230000 206.230000 206.230000 206.230000 206.230000 206.230000 206.229998 206.229995 206.229991 206.229999 
6297 1 206.229997 206.229999 206.230000 206.229992 206.230000 206.229999 206.230000 206.230000 206.230000 206.230000 206.230000 206.230000 206.229998 206.229995 206.229991 206.229999 
6301 1 0.000000 0.000000 0.000000 0.000000 0.000000 0.000000 0.000000 0.000000 0.000000 0.000000 0.000000 0.000000 0.000000 0.000000 0.000000 0.000000 
6302 1 247.249990 247.249998 247.249999 247.249978 247.250000 247.249998 247.250000 247.250000 247.250000 247.250000 247.250000 247.250000 247.249992 247.249977 247.249958 247.249994 
6303 1 247.249991 247.249998 247.249999 247.249979 247.250000 247.249998 247.250000 247.250000 247.250000 247.250000 247.250000 247.250000 247.249993 247.249979 247.249962 247.249994 
6304 1 247.249990 247.249998 247.249999 247.249978 247.250000 247.249998 247.250000 247.250000 247.250000 247.250000 247.250000 247.250000 247.249992 247.249977 247.249959 247.249994 
6305 1 247.249990 247.249998 247.249999 247.249977 247.250000 247.249998 247.250000 247.250000 247.250000 247.250000 247.250000 247.250000 247.249992 247.249975 247.249956 247.249993 
6349 1 0.000000 0.000000 0.000000 0.000000 0.000000 0.000000 0.000000 0.000000 0.000000 0.000000 0.000000 0.000000 0.000000 0.000000 0.000000 0.000000 
6349 2 0.000000 0.000000 0.000000 0.000000 0.000000 0.000000 0.000000 0.000000 0.000000 0.000000 0.000000 0.000000 0.000000 0.000000 0.000000 0.000000 
6349 3 102.999999 102.999999 103.000000 102.999996 103.000000 102.999999 103.000000 103.000000 103.000000 103.000000 103.000000 103.000000 102.999999 102.999998 102.999996 102.999999 
6349 4 0.000000 0.000000 0.000000 0.000000 0.000000 0.000000 0.000000 0.000000 0.000000 0.000000 0.000000 0.000000 0.000000 0.000000 0.000000 0.000000 
6349 5 0.000000 0.000000 0.000000 0.000000 0.000000 0.000000 0.000000 0.000000 0.000000 0.000000 0.000000 0.000000 0.000000 0.000000 0.000000 0.000000 
6349 6 0.000000 0.000000 0.000000 0.000000 0.000000 0.000000 0.000000 0.000000 0.000000 0.000000 0.000000 0.000000 0.000000 0.000000 0.000000 0.000000 
6349 7 0.000000 0.000000 0.000000 0.000000 0.000000 0.000000 0.000000 0.000000 0.000000 0.000000 0.000000 0.000000 0.000000 0.000000 0.000000 0.000000 
6349 8 0.000000 0.000000 0.000000 0.000000 0.000000 0.000000 0.000000 0.000000 0.000000 0.000000 0.000000 0.000000 0.000000 0.000000 0.000000 0.000000 
6349 9 201.041183 362.999996 241.630236 226.708655 363.000000 362.999998 363.000000 363.000000 363.000000 363.000000 363.000000 363.000000 159.288042 160.863425 158.539931 159.825926 
6349 10 201.041183 362.999996 241.630236 226.708655 363.000000 362.999998 363.000000 363.000000 363.000000 363.000000 363.000000 363.000000 159.288042 160.863425 158.539931 159.825926 
6349 11 0.000000 0.000000 0.000000 0.000000 0.000000 0.000000 0.000000 0.000000 0.000000 0.000000 0.000000 0.000000 0.000000 0.000000 0.000000 0.000000 
7005 1 162.999999 162.999999 163.000000 162.999997 163.000000 162.999999 163.000000 163.000000 163.000000 163.000000 163.000000 163.000000 162.999999 162.999998 162.999997 163.000000 
7006 1 162.999999 162.999999 163.000000 162.999997 163.000000 162.999999 163.000000 163.000000 163.000000 163.000000 163.000000 163.000000 162.999999 162.999998 162.999997 163.000000 
7007 1 162.999999 162.999999 163.000000 162.999997 163.000000 162.999999 163.000000 163.000000 163.000000 163.000000 163.000000 163.000000 162.999999 162.999998 162.999997 163.000000 
7008 1 162.999999 162.999999 163.000000 162.999997 163.000000 162.999999 163.000000 163.000000 163.000000 163.000000 163.000000 163.000000 162.999999 162.999998 162.999997 163.000000 
7009 1 162.999999 162.999999 163.000000 162.999997 163.000000 162.999999 163.000000 163.000000 163.000000 163.000000 163.000000 163.000000 162.999999 162.999998 162.999997 163.000000 
7015 1 0.000000 0.000000 0.000000 0.000000 0.000000 0.000000 0.000000 0.000000 0.000000 0.000000 0.000000 0.000000 0.000000 0.000000 0.000000 0.000000 
7021 1 22.399999 22.399999 22.400000 22.399996 22.400000 22.399999 22.400000 22.400000 22.400000 22.400000 22.400000 22.400000 22.399999 22.399998 22.399996 22.399999 
7022 1 47.399998 47.399999 47.400000 47.399995 47.400000 47.399999 47.400000 47.400000 47.400000 47.400000 47.400000 47.400000 47.399999 47.399997 47.399995 47.399999 
7023 1 47.399998 47.399999 47.400000 47.399995 47.400000 47.399999 47.400000 47.400000 47.400000 47.400000 47.400000 47.400000 47.399999 47.399997 47.399995 47.399999 
7024 1 94.799998 94.799999 94.800000 94.799994 94.800000 94.799999 94.800000 94.800000 94.800000 94.800000 94.800000 94.800000 94.799999 94.799996 94.799994 94.799999 
7025 1 0.000000 0.000000 0.000000 0.000000 0.000000 0.000000 0.000000 0.000000 0.000000 0.000000 0.000000 0.000000 0.000000 0.000000 0.000000 0.000000 
7031 1 6.362605 7.566743 6.526130 6.080153 13.795556 12.323831 9.766897 12.413027 0.000000 0.000000 0.000000 0.000000 0.000000 0.000000 0.000000 0.000000 
7032 1 1.639847 1.950192 1.681992 1.567050 3.555556 3.176245 2.517241 3.199234 0.000000 0.000000 0.000000 0.000000 0.000000 0.000000 0.000000 0.000000 
7033 1 1.639847 1.950192 1.681992 1.567050 3.555556 3.176245 2.517241 3.199234 0.000000 0.000000 0.000000 0.000000 0.000000 0.000000 0.000000 0.000000 
7034 1 0.721533 0.858084 0.740077 0.689502 1.564444 1.397548 1.107586 1.407663 0.000000 0.000000 0.000000 0.000000 0.000000 0.000000 0.000000 0.000000 
7045 1 188.449987 188.449997 188.449999 188.449971 188.450000 188.449998 188.450000 188.450000 188.450000 188.450000 188.450000 188.450000 188.449989 188.449967 188.449940 188.449991 
7046 1 188.449988 188.449997 188.449999 188.449972 188.450000 188.449998 188.450000 188.450000 188.450000 188.450000 188.450000 188.450000 188.449990 188.449970 188.449946 188.449992 
7061 1 114.899996 114.899998 114.900000 114.899990 114.900000 114.899998 114.900000 114.900000 114.900000 114.900000 114.900000 114.900000 114.899998 114.899993 114.899989 114.899998 
7062 1 114.899996 114.899998 114.900000 114.899990 114.900000 114.899998 114.900000 114.900000 114.900000 114.900000 114.900000 114.900000 114.899998 114.899993 114.899989 114.899998 
7063 1 114.899996 114.899998 114.900000 114.899990 114.900000 114.899998 114.900000 114.900000 114.900000 114.900000 114.900000 114.900000 114.899998 114.899993 114.899988 114.899998 
7064 1 114.899996 114.899998 114.900000 114.899990 114.900000 114.899998 114.900000 114.900000 114.900000 114.900000 114.900000 114.900000 114.899998 114.899993 114.899989 114.899998 
7065 1 114.899996 114.899998 114.900000 114.899990 114.900000 114.899998 114.900000 114.900000 114.900000 114.900000 114.900000 114.900000 114.899998 114.899993 114.899989 114.899998 
7066 1 114.899996 114.899998 114.900000 114.899990 114.900000 114.899998 114.900000 114.900000 114.900000 114.900000 114.900000 114.900000 114.899998 114.899993 114.899989 114.899998 
7079 1 228.649999 228.649999 228.650000 228.649996 228.650000 228.649999 228.650000 228.650000 228.650000 228.650000 228.650000 228.650000 228.649999 228.649998 228.649996 228.649999 
7080 1 228.649999 228.649999 228.650000 228.649996 228.650000 228.649999 228.650000 228.650000 228.650000 228.650000 228.650000 228.650000 228.649999 228.649998 228.649996 228.649999 
7081 1 228.649999 228.649999 228.650000 228.649996 228.650000 228.649999 228.650000 228.650000 228.650000 228.650000 228.650000 228.650000 228.649999 228.649998 228.649996 228.649999 
7082 1 228.649999 228.649999 228.650000 228.649996 228.650000 228.649999 228.650000 228.650000 228.650000 228.650000 228.650000 228.650000 228.649999 228.649998 228.649996 228.649999 
7098 1 1354.300000 1354.300000 1354.300000 1354.299999 1354.300000 1354.300000 1354.300000 1354.300000 1354.300000 1354.300000 1354.300000 1354.300000 1354.300000 1354.300000 1354.300000 1354.300000 
7099 1 1354.300000 1354.300000 1354.300000 1354.299999 1354.300000 1354.300000 1354.300000 1354.300000 1354.300000 1354.300000 1354.300000 1354.300000 1354.300000 1354.300000 1354.300000 1354.300000 
7107 1 149.999999 149.999999 150.000000 149.999997 150.000000 149.999999 150.000000 150.000000 150.000000 150.000000 150.000000 150.000000 149.999999 149.999998 149.999997 150.000000 
7108 1 50.999999 50.999999 51.000000 50.999998 51.000000 50.999999 51.000000 51.000000 51.000000 51.000000 51.000000 51.000000 51.000000 50.999999 50.999998 51.000000 
7109 1 50.999999 50.999999 51.000000 50.999998 51.000000 50.999999 51.000000 51.000000 51.000000 51.000000 51.000000 51.000000 51.000000 50.999999 50.999998 51.000000 
7110 1 195.999999 195.999999 196.000000 195.999997 196.000000 195.999999 196.000000 196.000000 196.000000 196.000000 196.000000 196.000000 195.999999 195.999998 195.999997 196.000000 
7111 1 195.999999 195.999999 196.000000 195.999997 196.000000 195.999999 196.000000 196.000000 196.000000 196.000000 196.000000 196.000000 195.999999 195.999998 195.999997 196.000000 
7112 1 195.999999 195.999999 196.000000 195.999997 196.000000 195.999999 196.000000 196.000000 196.000000 196.000000 196.000000 196.000000 195.999999 195.999998 195.999997 196.000000 
7113 1 195.999999 195.999999 196.000000 195.999997 196.000000 195.999999 196.000000 196.000000 196.000000 196.000000 196.000000 196.000000 195.999999 195.999998 195.999997 196.000000 
7114 1 195.999999 195.999999 196.000000 195.999997 196.000000 195.999999 196.000000 196.000000 196.000000 196.000000 196.000000 196.000000 195.999999 195.999998 195.999997 196.000000 
7115 1 195.999999 195.999999 196.000000 195.999997 196.000000 195.999999 196.000000 196.000000 196.000000 196.000000 196.000000 196.000000 195.999999 195.999998 195.999997 196.000000 
7121 1 0.000000 0.000000 0.000000 0.000000 0.000000 0.000000 0.000000 0.000000 0.000000 0.000000 0.000000 0.000000 0.000000 0.000000 0.000000 0.000000 
7122 1 0.000000 0.000000 0.000000 0.000000 0.000000 0.000000 0.000000 0.000000 0.000000 0.000000 0.000000 0.000000 0.000000 0.000000 0.000000 0.000000 
7133 1 16.299999 16.299999 16.300000 16.299998 16.300000 16.299999 16.300000 16.300000 16.300000 16.300000 16.300000 16.300000 16.300000 16.299999 16.299998 16.300000 
7134 1 206.549999 206.549999 206.550000 206.549996 206.550000 206.549999 206.550000 206.550000 206.550000 206.550000 206.550000 206.550000 206.549999 206.549998 206.549997 206.549999 
7135 1 206.549999 206.549999 206.550000 206.549996 206.550000 206.549999 206.550000 206.550000 206.550000 206.550000 206.550000 206.550000 206.549999 206.549998 206.549997 206.549999 
7136 1 206.549999 206.549999 206.550000 206.549996 206.550000 206.549999 206.550000 206.550000 206.550000 206.550000 206.550000 206.550000 206.549999 206.549998 206.549997 206.549999 
7137 1 206.549999 206.549999 206.550000 206.549996 206.550000 206.549999 206.550000 206.550000 206.550000 206.550000 206.550000 206.550000 206.549999 206.549998 206.549997 206.549999 
7138 1 380.699995 380.699998 380.699999 380.699988 380.700000 380.699998 380.700000 380.700000 380.700000 380.700000 380.700000 380.700000 380.699997 380.699992 380.699987 380.699998 
7139 1 58.999999 58.999999 59.000000 58.999998 59.000000 58.999999 59.000000 59.000000 59.000000 59.000000 59.000000 59.000000 59.000000 58.999999 58.999998 59.000000 
7140 1 58.999999 58.999999 59.000000 58.999998 59.000000 58.999999 59.000000 59.000000 59.000000 59.000000 59.000000 59.000000 59.000000 58.999999 58.999998 59.000000 
7141 1 58.999999 58.999999 59.000000 58.999998 59.000000 58.999999 59.000000 59.000000 59.000000 59.000000 59.000000 59.000000 59.000000 58.999999 58.999998 59.000000 
7142 1 58.999999 58.999999 59.000000 58.999998 59.000000 58.999999 59.000000 59.000000 59.000000 59.000000 59.000000 59.000000 59.000000 58.999999 58.999998 59.000000 
7146 1 10.199999 10.199999 10.200000 10.199998 10.200000 10.199999 10.200000 10.200000 10.200000 10.200000 10.200000 10.200000 10.200000 10.199999 10.199998 10.200000 
7162 1 110.599999 110.599999 110.600000 110.599998 110.600000 110.599999 110.600000 110.600000 110.600000 110.600000 110.600000 110.600000 110.600000 110.599999 110.599998 110.600000 
7163 1 110.599999 110.599999 110.600000 110.599998 110.600000 110.599999 110.600000 110.600000 110.600000 110.600000 110.600000 110.600000 110.600000 110.599999 110.599998 110.600000 
7164 1 110.599999 110.599999 110.600000 110.599998 110.600000 110.599999 110.600000 110.600000 110.600000 110.600000 110.600000 110.600000 110.600000 110.599999 110.599998 110.600000 
7165 1 110.599999 110.599999 110.600000 110.599998 110.600000 110.599999 110.600000 110.600000 110.600000 110.600000 110.600000 110.600000 110.600000 110.599999 110.599998 110.600000 
7166 1 110.599999 110.599999 110.600000 110.599998 110.600000 110.599999 110.600000 110.600000 110.600000 110.600000 110.600000 110.600000 110.600000 110.599999 110.599998 110.600000 
7167 1 110.599999 110.599999 110.600000 110.599998 110.600000 110.599999 110.600000 110.600000 110.600000 110.600000 110.600000 110.600000 110.600000 110.599999 110.599998 110.600000 
7168 1 87.719999 87.719999 87.720000 87.719998 87.720000 87.719999 87.720000 87.720000 87.720000 87.720000 87.720000 87.720000 87.720000 87.719999 87.719998 87.720000 
7169 1 87.719999 87.719999 87.720000 87.719998 87.720000 87.719999 87.720000 87.720000 87.720000 87.720000 87.720000 87.720000 87.720000 87.719999 87.719998 87.720000 
7170 1 350.869998 350.869998 350.870000 350.869994 350.870000 350.869998 350.870000 350.870000 350.870000 350.870000 350.870000 350.870000 350.869999 350.869996 350.869994 350.869999 
7189 1 6.899999 6.899999 6.900000 6.899998 6.900000 6.899999 6.900000 6.900000 6.900000 6.900000 6.900000 6.900000 6.900000 6.899999 6.899998 6.900000 
7190 1 47.999999 47.999999 48.000000 47.999998 48.000000 47.999999 48.000000 48.000000 48.000000 48.000000 48.000000 48.000000 48.000000 47.999999 47.999998 48.000000 
7191 1 0.000000 0.000000 0.000000 0.000000 0.000000 0.000000 0.000000 0.000000 0.000000 0.000000 0.000000 0.000000 0.000000 0.000000 0.000000 0.000000 
7192 1 34.999999 34.999999 35.000000 34.999998 35.000000 34.999999 35.000000 35.000000 35.000000 35.000000 35.000000 35.000000 35.000000 34.999999 34.999998 35.000000 
7193 1 7.499999 7.499999 7.500000 7.499998 7.500000 7.499999 7.500000 7.500000 7.500000 7.500000 7.500000 7.500000 7.500000 7.499999 7.499998 7.500000 
7194 1 230.949999 230.949999 230.950000 230.949996 230.950000 230.949999 230.950000 230.950000 230.950000 230.950000 230.950000 230.950000 230.949999 230.949998 230.949997 230.949999 
7195 1 230.949999 230.949999 230.950000 230.949996 230.950000 230.949999 230.950000 230.950000 230.950000 230.950000 230.950000 230.950000 230.949999 230.949998 230.949997 230.949999 
7196 1 230.949999 230.949999 230.950000 230.949996 230.950000 230.949999 230.950000 230.950000 230.950000 230.950000 230.950000 230.950000 230.949999 230.949998 230.949997 230.949999 
7197 1 230.949999 230.949999 230.950000 230.949996 230.950000 230.949999 230.950000 230.950000 230.950000 230.950000 230.950000 230.950000 230.949999 230.949998 230.949997 230.949999 
7207 1 0.000000 0.000000 0.000000 0.000000 0.000000 0.000000 0.000000 0.000000 0.000000 0.000000 0.000000 0.000000 0.000000 0.000000 0.000000 0.000000 
7208 1 229.500002 229.500007 229.500000 229.500006 263.482059 248.067907 246.215166 253.508565 314.195620 326.004050 330.098337 300.563236 229.500001 229.500003 229.500004 229.500001 
7209 1 229.500002 229.500007 229.500000 229.500006 265.972484 250.409449 248.539224 255.902676 317.176424 329.099644 333.233717 303.412126 229.500001 229.500003 229.500004 229.500001 
7210 1 178.499999 178.499999 178.500000 178.499997 178.500000 178.499999 178.500000 178.500000 178.500000 178.500000 178.500000 178.500000 178.499999 178.499998 178.499997 178.500000 
7211 1 178.499999 178.499999 178.500000 178.499997 178.500000 178.499999 178.500000 178.500000 178.500000 178.500000 178.500000 178.500000 178.499999 178.499998 178.499997 178.500000 
7212 1 178.499999 178.499999 178.500000 178.499997 178.500000 178.499999 178.500000 178.500000 178.500000 178.500000 178.500000 178.500000 178.499999 178.499998 178.499997 178.500000 
7266 1 304.599998 304.599998 304.600000 304.599994 304.600000 304.599998 304.600000 304.600000 304.600000 304.600000 304.600000 304.600000 304.599999 304.599996 304.599994 304.599999 
7267 1 90.639999 90.639999 90.640000 90.639998 90.640000 90.639999 90.640000 90.640000 90.640000 90.640000 90.640000 90.640000 90.640000 90.639999 90.639998 90.640000 
7268 1 90.639999 90.639999 90.640000 90.639998 90.640000 90.639999 90.640000 90.640000 90.640000 90.640000 90.640000 90.640000 90.640000 90.639999 90.639998 90.640000 
7269 1 90.639999 90.639999 90.640000 90.639998 90.640000 90.639999 90.640000 90.640000 90.640000 90.640000 90.640000 90.640000 90.640000 90.639999 90.639998 90.640000 
7270 1 181.279999 181.279999 181.280000 181.279997 181.280000 181.279999 181.280000 181.280000 181.280000 181.280000 181.280000 181.280000 181.279999 181.279998 181.279997 181.280000 
7280 1 0.000000 0.000000 0.000000 0.000000 0.000000 0.000000 0.000000 0.000000 0.000000 0.000000 0.000000 0.000000 0.000000 0.000000 0.000000 0.000000 
7281 1 0.000000 0.000000 0.000000 0.000000 0.000000 0.000000 0.000000 0.000000 0.000000 0.000000 0.000000 0.000000 0.000000 0.000000 0.000000 0.000000 
7284 1 2.417561 1.369756 1.712195 2.487805 1.510244 2.335610 1.870244 2.341463 0.000000 0.000000 0.000000 0.000000 0.000000 0.000000 0.000000 0.000000 
7285 1 9.122263 5.168546 6.460683 9.387317 5.698654 8.813034 7.057054 8.835122 0.000000 0.000000 0.000000 0.000000 0.000000 0.000000 0.000000 0.000000 
7286 1 9.122263 5.168546 6.460683 9.387317 5.698654 8.813034 7.057054 8.835122 0.000000 0.000000 0.000000 0.000000 0.000000 0.000000 0.000000 0.000000 
7287 1 9.122263 5.168546 6.460683 9.387317 5.698654 8.813034 7.057054 8.835122 0.000000 0.000000 0.000000 0.000000 0.000000 0.000000 0.000000 0.000000 
7288 1 9.122263 5.168546 6.460683 9.387317 5.698654 8.813034 7.057054 8.835122 0.000000 0.000000 0.000000 0.000000 0.000000 0.000000 0.000000 0.000000 
7289 1 18.244527 10.337093 12.921366 18.774634 11.397307 17.626068 14.114107 17.670244 0.000000 0.000000 0.000000 0.000000 0.000000 0.000000 0.000000 0.000000 
7307 1 96.679997 96.679998 96.680000 96.679991 96.680000 96.679998 96.680000 96.680000 96.680000 96.680000 96.680000 96.680000 96.679998 96.679994 96.679990 96.679999 
7308 1 96.679997 96.679998 96.680000 96.679991 96.680000 96.679998 96.680000 96.680000 96.680000 96.680000 96.680000 96.680000 96.679998 96.679994 96.679991 96.679999 
7309 1 0.000000 0.000000 0.000000 0.000000 0.000000 0.000000 0.000000 0.000000 0.000000 0.000000 0.000000 0.000000 0.000000 0.000000 0.000000 0.000000 
7310 1 96.679997 96.679998 96.680000 96.679991 96.680000 96.679998 96.680000 96.680000 96.680000 96.680000 96.680000 96.680000 96.679998 96.679994 96.679990 96.679999 
7311 1 162.690103 193.369996 189.617032 178.885074 193.370000 193.369997 193.369999 193.370000 193.370000 193.370000 193.370000 193.370000 140.894665 141.917821 140.130246 141.294330 
7323 1 124.479999 124.479999 124.480000 124.479997 124.480000 124.479999 124.480000 124.480000 124.480000 124.480000 124.480000 124.480000 124.479999 124.479998 124.479998 124.480000 
7324 1 124.479999 124.479999 124.480000 124.479997 124.480000 124.479999 124.480000 124.480000 124.480000 124.480000 124.480000 124.480000 124.479999 124.479998 124.479998 124.480000 
7325 1 124.479999 124.479999 124.480000 124.479997 124.480000 124.479999 124.480000 124.480000 124.480000 124.480000 124.480000 124.480000 124.479999 124.479998 124.479998 124.480000 
7326 1 124.479999 124.479999 124.480000 124.479997 124.480000 124.479999 124.480000 124.480000 124.480000 124.480000 124.480000 124.480000 124.479999 124.479998 124.479998 124.480000 
7329 1 101.899996 101.899998 101.900000 101.899990 101.900000 101.899998 101.900000 101.900000 101.900000 101.900000 101.900000 101.900000 101.899998 101.899994 101.899990 101.899998 
7334 1 0.000000 0.000000 0.000000 0.000000 0.000000 0.000000 0.000000 0.000000 0.000000 0.000000 0.000000 0.000000 0.000000 0.000000 0.000000 0.000000 
7335 1 136.050002 136.050004 136.050000 136.050005 136.050002 136.050013 136.050002 136.050001 136.050006 136.050001 136.050005 136.050004 136.050001 136.050002 136.050003 136.050001 
7349 1 313.829998 313.829998 313.830000 313.829994 313.830000 313.829998 313.830000 313.830000 313.830000 313.830000 313.830000 313.830000 313.829999 313.829997 313.829995 313.829999 
7350 1 313.829998 313.829998 313.830000 313.829994 313.830000 313.829998 313.830000 313.830000 313.830000 313.830000 313.830000 313.830000 313.829999 313.829997 313.829995 313.829999 
7351 1 313.829998 313.829998 313.830000 313.829994 313.830000 313.829998 313.830000 313.830000 313.830000 313.830000 313.830000 313.830000 313.829999 313.829997 313.829995 313.829999 
7352 1 313.829998 313.829998 313.830000 313.829994 313.830000 313.829998 313.830000 313.830000 313.830000 313.830000 313.830000 313.830000 313.829999 313.829997 313.829995 313.829999 
7353 1 205.260005 291.210880 205.260001 205.260015 475.333435 460.777486 458.780473 466.131797 523.629254 535.051184 539.108743 510.430358 205.260002 205.260007 205.260010 205.260002 
7354 1 205.260005 297.107978 205.260001 205.260015 485.148710 470.279125 468.238007 475.748153 534.498581 546.172853 550.323888 521.010143 205.260002 205.260007 205.260010 205.260002 
7355 1 205.260005 297.107978 205.260001 205.260015 485.148710 470.279125 468.238007 475.748153 534.498581 546.172853 550.323888 521.010143 205.260002 205.260007 205.260010 205.260002 
7356 1 205.000005 294.355464 205.000001 205.000015 480.564960 465.842020 463.821527 471.257414 529.421880 540.978112 545.085402 516.068868 205.000002 205.000007 205.000010 205.000002 
7357 1 16.299999 16.299999 16.300000 16.299998 16.300000 16.299999 16.300000 16.300000 16.300000 16.300000 16.300000 16.300000 16.300000 16.299999 16.299998 16.300000 
7358 1 225.199999 225.199999 225.200000 225.199996 225.200000 225.199999 225.200000 225.200000 225.200000 225.200000 225.200000 225.200000 225.199999 225.199998 225.199997 225.199999 
7359 1 225.199999 225.199999 225.200000 225.199996 225.200000 225.199999 225.200000 225.200000 225.200000 225.200000 225.200000 225.200000 225.199999 225.199998 225.199997 225.199999 
7360 1 225.199999 225.199999 225.200000 225.199996 225.200000 225.199999 225.200000 225.200000 225.200000 225.200000 225.200000 225.200000 225.199999 225.199998 225.199997 225.199999 
7361 1 102.699999 102.699999 102.700000 102.699998 102.700000 102.699999 102.700000 102.700000 102.700000 102.700000 102.700000 102.700000 102.700000 102.699999 102.699998 102.700000 
7369 1 107.269999 107.269999 107.270000 107.269998 107.270000 107.269999 107.270000 107.270000 107.270000 107.270000 107.270000 107.270000 107.270000 107.269999 107.269998 107.270000 
7370 1 107.269999 107.269999 107.270000 107.269998 107.270000 107.269999 107.270000 107.270000 107.270000 107.270000 107.270000 107.270000 107.270000 107.269999 107.269998 107.270000 
7371 1 107.269999 107.269999 107.270000 107.269998 107.270000 107.269999 107.270000 107.270000 107.270000 107.270000 107.270000 107.270000 107.270000 107.269999 107.269998 107.270000 
7372 1 107.269999 107.269999 107.270000 107.269998 107.270000 107.269999 107.270000 107.270000 107.270000 107.270000 107.270000 107.270000 107.270000 107.269999 107.269998 107.270000 
7373 1 107.269999 107.269999 107.270000 107.269998 107.270000 107.269999 107.270000 107.270000 107.270000 107.270000 107.270000 107.270000 107.270000 107.269999 107.269998 107.270000 
7374 1 107.269999 107.269999 107.270000 107.269998 107.270000 107.269999 107.270000 107.270000 107.270000 107.270000 107.270000 107.270000 107.270000 107.269999 107.269998 107.270000 
7375 1 183.659999 183.659999 183.660000 183.659997 183.660000 183.659999 183.660000 183.660000 183.660000 183.660000 183.660000 183.660000 183.659999 183.659998 183.659997 183.660000 
7376 1 183.659999 183.659999 183.660000 183.659997 183.660000 183.659999 183.660000 183.660000 183.660000 183.660000 183.660000 183.660000 183.659999 183.659998 183.659997 183.660000 
7377 1 183.659999 183.659999 183.660000 183.659997 183.660000 183.659999 183.660000 183.660000 183.660000 183.660000 183.660000 183.660000 183.659999 183.659998 183.659997 183.660000 
7378 1 183.659999 183.659999 183.660000 183.659997 183.660000 183.659999 183.660000 183.660000 183.660000 183.660000 183.660000 183.660000 183.659999 183.659998 183.659997 183.660000 
7379 1 183.659999 183.659999 183.660000 183.659997 183.660000 183.659999 183.660000 183.660000 183.660000 183.660000 183.660000 183.660000 183.659999 183.659998 183.659997 183.660000 
7389 1 471.455431 542.799995 501.428951 489.007283 542.800000 542.799997 542.799999 542.800000 542.799999 542.800000 542.800000 542.800000 449.786615 450.892223 449.003812 450.190743 
7400 1 71.999999 71.999999 72.000000 71.999998 72.000000 71.999999 72.000000 72.000000 72.000000 72.000000 72.000000 72.000000 72.000000 71.999999 71.999998 72.000000 
7400 2 71.999999 71.999999 72.000000 71.999998 72.000000 71.999999 72.000000 72.000000 72.000000 72.000000 72.000000 72.000000 72.000000 71.999999 71.999998 72.000000 
7400 3 71.999999 71.999999 72.000000 71.999998 72.000000 71.999999 72.000000 72.000000 72.000000 72.000000 72.000000 72.000000 72.000000 71.999999 71.999998 72.000000 
7400 4 71.999999 71.999999 72.000000 71.999998 72.000000 71.999999 72.000000 72.000000 72.000000 72.000000 72.000000 72.000000 72.000000 71.999999 71.999998 72.000000 
7400 5 143.999999 143.999999 144.000000 143.999997 144.000000 143.999999 144.000000 144.000000 144.000000 144.000000 144.000000 144.000000 143.999999 143.999998 143.999998 144.000000 
7400 6 446.399985 446.399997 446.399999 446.399966 446.400000 446.399997 446.400000 446.400000 446.400000 446.400000 446.400000 446.400000 446.399989 446.399968 446.399942 446.399991 
7406 1 63.099998 63.099999 63.100000 63.099994 63.100000 63.099999 63.100000 63.100000 63.100000 63.100000 63.100000 63.100000 63.099999 63.099996 63.099994 63.099999 
7406 2 93.000006 272.427130 93.000001 93.000018 309.999999 309.999994 309.999999 310.000000 309.999999 310.000000 310.000000 309.999999 93.000003 93.000008 93.000011 93.000002 
7414 1 102.399997 102.399998 102.400000 102.399993 102.400000 102.399999 102.400000 102.400000 102.400000 102.400000 102.400000 102.400000 102.399999 102.399996 102.399993 102.399999 
7419 1 88.199999 88.199999 88.200000 88.199998 88.200000 88.199999 88.200000 88.200000 88.200000 88.200000 88.200000 88.200000 88.200000 88.199999 88.199998 88.200000 
7419 2 88.199999 88.199999 88.200000 88.199998 88.200000 88.199999 88.200000 88.200000 88.200000 88.200000 88.200000 88.200000 88.200000 88.199999 88.199998 88.200000 
7422 1 6.799999 6.799999 6.800000 6.799998 6.800000 6.799999 6.800000 6.800000 6.800000 6.800000 6.800000 6.800000 6.800000 6.799999 6.799998 6.800000 
7422 2 172.199999 172.199999 172.200000 172.199997 172.200000 172.199999 172.200000 172.200000 172.200000 172.200000 172.200000 172.200000 172.199999 172.199998 172.199997 172.200000 
7422 3 172.199999 172.199999 172.200000 172.199997 172.200000 172.199999 172.200000 172.200000 172.200000 172.200000 172.200000 172.200000 172.199999 172.199998 172.199997 172.200000 
7422 4 112.499999 112.499999 112.500000 112.499997 112.500000 112.499999 112.500000 112.500000 112.500000 112.500000 112.500000 112.500000 112.500000 112.499999 112.499998 112.500000 
7422 5 112.499999 112.499999 112.500000 112.499997 112.500000 112.499999 112.500000 112.500000 112.500000 112.500000 112.500000 112.500000 112.500000 112.499999 112.499998 112.500000 
7422 6 112.499999 112.499999 112.500000 112.499997 112.500000 112.499999 112.500000 112.500000 112.500000 112.500000 112.500000 112.500000 112.500000 112.499999 112.499998 112.500000 
7422 7 112.499999 112.499999 112.500000 112.499997 112.500000 112.499999 112.500000 112.500000 112.500000 112.500000 112.500000 112.500000 112.500000 112.499999 112.499998 112.500000 
7422 8 191.099999 191.099999 191.100000 191.099997 191.100000 191.099999 191.100000 191.100000 191.100000 191.100000 191.100000 191.100000 191.099999 191.099998 191.099997 191.100000 
7422 9 172.199999 172.199999 172.200000 172.199997 172.200000 172.199999 172.200000 172.200000 172.200000 172.200000 172.200000 172.200000 172.199999 172.199998 172.199997 172.200000 
7422 10 172.199999 172.199999 172.200000 172.199997 172.200000 172.199999 172.200000 172.200000 172.200000 172.200000 172.200000 172.200000 172.199999 172.199998 172.199997 172.200000 
7422 11 172.199999 172.199999 172.200000 172.199997 172.200000 172.199999 172.200000 172.200000 172.200000 172.200000 172.200000 172.200000 172.199999 172.199998 172.199997 172.200000 
7428 1 100.519999 100.519999 100.520000 100.519998 100.520000 100.519999 100.520000 100.520000 100.520000 100.520000 100.520000 100.520000 100.520000 100.519999 100.519998 100.520000 
7428 2 129.999999 129.999999 130.000000 129.999997 130.000000 129.999999 130.000000 130.000000 130.000000 130.000000 130.000000 130.000000 129.999999 129.999998 129.999998 130.000000 
7428 3 129.999999 129.999999 130.000000 129.999997 130.000000 129.999999 130.000000 130.000000 130.000000 130.000000 130.000000 130.000000 129.999999 129.999998 129.999998 130.000000 
7428 4 100.519999 100.519999 100.520000 100.519998 100.520000 100.519999 100.520000 100.520000 100.520000 100.520000 100.520000 100.520000 100.520000 100.519999 100.519998 100.520000 
7428 5 100.519999 100.519999 100.520000 100.519998 100.520000 100.519999 100.520000 100.520000 100.520000 100.520000 100.520000 100.520000 100.520000 100.519999 100.519998 100.520000 
7428 6 100.519999 100.519999 100.520000 100.519998 100.520000 100.519999 100.520000 100.520000 100.520000 100.520000 100.520000 100.520000 100.520000 100.519999 100.519998 100.520000 
7428 7 100.519999 100.519999 100.520000 100.519998 100.520000 100.519999 100.520000 100.520000 100.520000 100.520000 100.520000 100.520000 100.520000 100.519999 100.519998 100.520000 
7428 8 100.519999 100.519999 100.520000 100.519998 100.520000 100.519999 100.520000 100.520000 100.520000 100.520000 100.520000 100.520000 100.520000 100.519999 100.519998 100.520000 
7428 9 74.999999 74.999999 75.000000 74.999998 75.000000 74.999999 75.000000 75.000000 75.000000 75.000000 75.000000 75.000000 75.000000 74.999999 74.999998 75.000000 
7428 10 0.000000 0.000000 0.000000 0.000000 0.000000 0.000000 0.000000 0.000000 0.000000 0.000000 0.000000 0.000000 0.000000 0.000000 0.000000 0.000000 
7428 11 11.699999 11.699999 11.700000 11.699998 11.700000 11.699999 11.700000 11.700000 11.700000 11.700000 11.700000 11.700000 11.700000 11.699999 11.699998 11.700000 
8024 1 16.295024 8.104585 11.624585 12.860878 15.350634 13.667902 10.920585 13.650732 0.000000 0.000000 0.000000 0.000000 0.000000 0.000000 0.000000 0.000000 
8033 1 0.000000 0.000000 0.000000 0.000000 0.000000 0.000000 0.000000 0.000000 0.000000 0.000000 0.000000 0.000000 0.000000 0.000000 0.000000 0.000000 
8034 1 0.000000 0.000000 0.000000 0.000000 0.000000 0.000000 0.000000 0.000000 0.000000 0.000000 0.000000 0.000000 0.000000 0.000000 0.000000 0.000000 
8035 1 0.000000 0.000000 0.000000 0.000000 0.000000 0.000000 0.000000 0.000000 0.000000 0.000000 0.000000 0.000000 0.000000 0.000000 0.000000 0.000000 
8036 1 0.000000 0.000000 0.000000 0.000000 0.000000 0.000000 0.000000 0.000000 0.000000 0.000000 0.000000 0.000000 0.000000 0.000000 0.000000 0.000000 
8046 1 52.209895 172.669997 80.404157 69.806120 172.670000 172.669999 172.670000 172.670000 172.670000 172.670000 172.670000 172.670000 51.800007 51.800022 51.800035 51.800006 
8047 1 0.000000 0.000000 0.000000 0.000000 0.000000 0.000000 0.000000 0.000000 0.000000 0.000000 0.000000 0.000000 0.000000 0.000000 0.000000 0.000000 
8048 1 51.807284 172.669997 78.066076 67.789625 172.670000 172.669999 172.670000 172.670000 172.670000 172.670000 172.670000 172.670000 51.800007 51.800021 51.800034 51.800005 
8049 1 52.024269 172.669997 79.977936 69.433819 172.670000 172.669999 172.670000 172.670000 172.670000 172.670000 172.670000 172.670000 51.800007 51.800022 51.800035 51.800006 
8050 1 0.000000 0.000000 0.000000 0.000000 0.000000 0.000000 0.000000 0.000000 0.000000 0.000000 0.000000 0.000000 0.000000 0.000000 0.000000 0.000000 
8051 1 0.000000 0.000000 0.000000 0.000000 0.000000 0.000000 0.000000 0.000000 0.000000 0.000000 0.000000 0.000000 0.000000 0.000000 0.000000 0.000000 
8060 1 0.000000 0.000000 0.000000 0.000000 0.000000 0.000000 0.000000 0.000000 0.000000 0.000000 0.000000 0.000000 0.000000 0.000000 0.000000 0.000000 
8061 1 0.000000 0.000000 0.000000 0.000000 0.000000 0.000000 0.000000 0.000000 0.000000 0.000000 0.000000 0.000000 0.000000 0.000000 0.000000 0.000000 
8070 1 0.000000 0.000000 0.000000 0.000000 0.000000 0.000000 0.000000 0.000000 0.000000 0.000000 0.000000 0.000000 0.000000 0.000000 0.000000 0.000000 
8071 1 277.470004 458.196054 277.470001 277.470012 780.683141 764.443093 751.834864 767.197521 860.939383 886.052407 892.611580 835.192998 277.470001 277.470005 277.470006 277.470001 
8077 1 234.899999 234.899999 234.900000 234.899998 234.900000 234.899999 234.900000 234.900000 234.900000 234.900000 234.900000 234.900000 234.900000 234.899999 234.899998 234.900000 
8078 1 234.899999 234.899999 234.900000 234.899998 234.900000 234.899999 234.900000 234.900000 234.900000 234.900000 234.900000 234.900000 234.900000 234.899999 234.899998 234.900000 
8079 1 234.899999 234.899999 234.900000 234.899998 234.900000 234.899999 234.900000 234.900000 234.900000 234.900000 234.900000 234.900000 234.900000 234.899999 234.899998 234.900000 
8080 1 234.899999 234.899999 234.900000 234.899998 234.900000 234.899999 234.900000 234.900000 234.900000 234.900000 234.900000 234.900000 234.900000 234.899999 234.899998 234.900000 
8087 1 0.000000 0.000000 0.000000 0.000000 0.000000 0.000000 0.000000 0.000000 0.000000 0.000000 0.000000 0.000000 0.000000 0.000000 0.000000 0.000000 
8088 1 269.310003 362.270860 269.310000 269.310008 625.490334 610.239950 601.170620 613.959127 694.829541 715.972115 725.229133 672.792963 269.310001 269.310004 269.310005 269.310001 
8099 1 35.936719 21.285937 22.889063 29.657812 39.454687 24.625781 24.447656 35.046094 0.000000 0.000000 0.000000 0.000000 0.000000 0.000000 0.000000 0.000000 
8115 1 0.000000 0.000000 0.000000 0.000000 0.000000 0.000000 0.000000 0.000000 0.000000 0.000000 0.000000 0.000000 0.000000 0.000000 0.000000 0.000000 
8116 1 0.000000 0.000000 0.000000 0.000000 0.000000 0.000000 0.000000 0.000000 0.000000 0.000000 0.000000 0.000000 0.000000 0.000000 0.000000 0.000000 
8117 1 105.510001 105.510002 105.510000 105.510002 105.510005 105.510024 105.510003 105.510002 173.169125 197.500448 208.076697 147.979346 105.510000 105.510001 105.510002 105.510000 
8129 1 429.490626 657.665160 450.860782 442.838001 660.000000 659.999998 660.000000 660.000000 660.000000 660.000000 660.000000 660.000000 403.765251 404.659482 403.183772 403.987603 
8130 1 423.549712 648.352523 444.632696 436.720464 660.000000 659.999998 660.000000 660.000000 660.000000 660.000000 660.000000 660.000000 398.169131 399.051503 397.595643 398.388440 
8131 1 428.817845 656.616620 450.157659 442.146771 660.000000 659.999998 660.000000 660.000000 660.000000 660.000000 660.000000 660.000000 403.131917 404.024689 402.551430 403.353898 
8147 1 0.000000 0.000000 0.000000 0.000000 0.000000 0.000000 0.000000 0.000000 0.000000 0.000000 0.000000 0.000000 0.000000 0.000000 0.000000 0.000000 
8147 2 0.000000 0.000000 0.000000 0.000000 0.000000 0.000000 0.000000 0.000000 0.000000 0.000000 0.000000 0.000000 0.000000 0.000000 0.000000 0.000000 
8152 1 0.000000 0.000000 0.000000 0.000000 0.000000 0.000000 0.000000 0.000000 0.000000 0.000000 0.000000 0.000000 0.000000 0.000000 0.000000 0.000000 
8155 1 0.000000 0.000000 0.000000 0.000000 0.000000 0.000000 0.000000 0.000000 0.000000 0.000000 0.000000 0.000000 0.000000 0.000000 0.000000 0.000000 
8155 2 91.867435 174.599997 116.911997 107.486513 174.600000 174.599998 174.600000 174.600000 174.600000 174.600000 174.600000 174.600000 63.316938 64.335094 62.709548 63.610473 
8158 1 0.000000 0.000000 0.000000 0.000000 0.000000 0.000000 0.000000 0.000000 0.000000 0.000000 0.000000 0.000000 0.000000 0.000000 0.000000 0.000000 
8158 2 0.000000 0.000000 0.000000 0.000000 0.000000 0.000000 0.000000 0.000000 0.000000 0.000000 0.000000 0.000000 0.000000 0.000000 0.000000 0.000000 
