1004 1 149.295688 10.634400 5.723375 210.920875 
1006 1 33.440356 0.111046 0.000000 34.300000 
1009 1 64.200469 17.523516 1.371563 73.512656 
1011 1 3.541590 3.353050 0.000000 0.000000 
1021 1 184.163437 11.748056 5.561063 199.500000 
1023 1 164.913750 0.441000 0.742500 175.905000 
1026 1 116.406450 6.781320 1.831950 124.200000 
1033 1 184.348750 15.689625 2.971125 276.853250 
1035 1 85.657500 3.110625 0.388125 90.000000 
1039 1 133.127969 2.129531 0.000000 145.296719 
1042 1 109.169069 3.535862 0.350463 121.900000 
1043 1 52.659075 1.705567 0.169050 58.800000 
1048 1 0.000000 0.000000 0.000000 0.000000 
1049 1 0.000000 0.000000 0.000000 0.000000 
1050 1 32.245322 89.400000 89.400000 26.820001 
1051 1 26.825292 89.400000 89.400000 26.820001 
1052 1 30.304437 89.400000 89.400000 26.820001 
1053 1 0.000000 0.000000 0.000000 0.000000 
1057 1 81.997500 1.554000 0.045000 120.000000 
1059 1 0.000000 0.000000 0.000000 0.000000 
1060 1 0.000000 0.000000 0.000000 0.000000 
1062 1 0.510964 0.485444 0.000000 0.000000 
1063 1 78.347826 74.434783 0.000000 0.000000 
1066 1 123.324844 2.300484 0.320625 142.455469 
1070 1 151.401656 4.079709 0.642000 160.500000 
1072 1 57.640160 192.130000 192.130000 57.640002 
1073 1 57.640190 192.130000 192.130000 57.640002 
1074 1 57.640129 192.130000 192.130000 57.640002 
1075 1 57.641314 192.130000 192.130000 57.640002 
1076 1 0.000000 0.000000 0.000000 0.000000 
1077 1 0.000000 0.000000 0.000000 0.000000 
1078 1 95.499981 95.500000 95.500000 47.381596 
1079 1 95.499990 95.500000 95.500000 95.499994 
1080 1 95.499947 95.500000 95.500000 30.279083 
1081 1 0.000000 0.000000 0.000000 0.000000 
1082 1 144.684375 6.214688 2.259375 150.000000 
1084 1 109.688906 3.769631 0.519750 115.500000 
1088 1 73.734375 2.122969 1.617187 75.000000 
1090 1 90.165625 0.260203 3.621875 152.500000 
1090 2 31.239000 0.935550 0.891000 36.000000 
2004 1 0.000000 0.000000 0.000000 0.000000 
2005 1 0.000000 0.000000 0.000000 0.000000 
2006 1 0.000000 0.000000 0.000000 0.000000 
2013 1 161.658525 71.245598 39.831637 200.600000 
2019 1 181.812000 3.185525 9.755500 218.000000 
2023 1 83.329997 83.330000 83.330000 83.329999 
2024 1 166.669996 166.670000 166.670000 166.669999 
2042 1 57.680150 34.919027 29.143550 79.600000 
2056 1 0.000000 0.000000 0.000000 0.000000 
2057 1 423.429238 720.000000 720.000000 357.797863 
2059 1 54.085000 4.182500 2.245000 79.855000 
2062 1 116.892512 15.129257 3.689650 135.400000 
2071 1 142.453125 4.895625 0.675000 150.000000 
2076 1 27.862500 1.438500 0.108750 30.000000 
2078 1 96.433594 3.558516 9.618750 112.500000 
2083 1 19.999998 20.000000 20.000000 20.000000 
2084 1 0.000000 0.000000 0.000000 0.000000 
2085 1 0.000000 0.000000 0.000000 0.000000 
2089 1 54.874300 1.410727 0.092950 67.578875 
2094 1 7.341250 4.368437 4.238750 10.000000 
2095 1 58.362938 34.729078 33.698062 79.500000 
2099 1 7.742500 1.071875 0.969375 9.978750 
2100 1 116.137500 16.078125 14.540625 149.681250 
2103 1 0.000000 0.000000 0.000000 0.000000 
2104 1 0.000000 0.000000 0.000000 0.000000 
2105 1 0.000000 0.000000 0.000000 0.000000 
2115 1 184.719995 184.720000 184.720000 184.719999 
2116 1 184.719995 184.720000 184.720000 184.719999 
2117 1 184.719995 184.720000 184.720000 184.719999 
2118 1 184.719995 184.720000 184.720000 184.719999 
2119 1 184.719995 184.720000 184.720000 184.719999 
2120 1 184.719995 184.720000 184.720000 184.719999 
2123 1 126.133869 83.691020 49.274769 181.700000 
2127 1 282.791925 162.184181 59.505712 288.600000 
3004 1 34.422656 1.397812 1.291406 37.500000 
3017 1 164.616281 7.200572 0.275438 169.404656 
3020 1 146.034375 0.433125 0.000000 150.000000 
3028 1 168.175000 6.632500 10.375000 200.000000 
3034 1 116.862750 3.328566 4.347281 130.149281 
3039 1 158.422000 8.704850 13.767875 209.000000 
3043 1 0.000000 0.000000 0.000000 0.000000 
3044 1 0.000000 0.000000 0.000000 0.000000 
3045 1 0.000000 0.000000 0.000000 0.000000 
3048 1 218.451437 12.504888 13.721938 241.000000 
3055 1 226.598372 10.779818 0.689541 245.124031 
3056 1 226.598372 10.779818 0.689541 245.124031 
3057 1 226.598372 10.779818 0.689541 245.124031 
3060 1 154.543142 9.253541 0.383019 165.619648 
3061 1 98.187534 0.391301 3.933712 165.630000 
3062 1 154.543142 9.253541 0.383019 165.619648 
3063 1 154.543142 9.253541 0.383019 165.619648 
3065 1 67.620000 4.877797 3.552062 80.500000 
3068 1 133.856250 6.510000 0.281250 59.643750 
3071 1 100.630750 0.290404 4.042250 170.200000 
3074 1 85.464443 1.716560 4.441100 99.800000 
3081 1 193.286250 9.640969 7.205438 249.000000 
3084 1 214.582969 9.907406 0.624844 232.500000 
3086 1 62.550000 1.095938 3.356250 75.000000 
3087 1 62.550000 1.095938 3.356250 75.000000 
3092 1 167.200000 8.443750 2.950000 200.000000 
3095 1 116.469450 5.302631 0.324113 120.600000 
3098 1 129.248000 3.203200 5.488000 160.000000 
3105 1 44.500000 44.500000 44.500000 44.500000 
3106 1 53.020000 53.020000 53.020000 53.020000 
3110 1 75.164250 2.524725 1.785000 83.994750 
3112 1 63.650125 3.229957 2.258025 74.800000 
3113 1 65.389225 2.061675 0.088825 74.743900 
3117 1 54.668250 1.637213 1.559250 63.000000 
3118 1 94.350000 1.884750 0.180000 119.812500 
3120 1 8.828604 12.962753 0.000000 0.000000 
3122 1 170.417313 8.058531 11.142812 197.000000 
3127 1 130.469063 8.924344 7.990313 135.000000 
3129 1 100.164281 3.381503 6.135250 126.500000 
3131 1 105.564000 4.837875 0.548625 114.000000 
3133 1 0.000000 0.000000 0.000000 0.000000 
3133 2 0.000000 0.000000 0.000000 0.000000 
3133 3 0.000000 0.000000 0.000000 0.000000 
3137 1 88.942150 3.745665 0.158125 101.200000 
3141 1 85.775531 4.179263 7.634531 91.500000 
4010 1 153.090000 11.545380 0.907200 201.083400 
4026 1 280.203650 410.000000 410.000000 258.010733 
4030 1 215.962822 551.476234 622.382766 193.349543 
4045 1 93.400000 93.400000 93.400000 93.400000 
4046 1 28.500000 28.500000 28.500000 28.500000 
4047 1 27.480000 27.480000 27.480000 27.480000 
4050 1 140.462500 53.305000 0.537500 189.287500 
4052 1 44.199997 44.200000 44.200000 44.199999 
4058 1 143.999976 144.000000 144.000000 143.999994 
4059 1 143.999973 144.000000 144.000000 143.999993 
4060 1 143.999972 144.000000 144.000000 143.999993 
4061 1 172.329776 172.330000 172.330000 157.692296 
4062 1 156.265922 172.330000 172.330000 134.925190 
4063 1 172.329908 172.330000 172.330000 172.216016 
4065 1 46.999996 47.000000 47.000000 46.999999 
4075 1 0.000000 0.000000 0.000000 0.000000 
4076 1 52.900001 52.900000 52.900000 52.900000 
4077 1 52.900001 52.900000 52.900000 52.900000 
4082 1 195.449936 243.400000 243.400000 166.944357 
4083 1 198.019329 243.400000 243.400000 169.142043 
4084 1 218.797286 243.400000 243.400000 186.907817 
4085 1 105.600020 352.000000 352.000000 105.600003 
4090 1 0.000000 0.000000 0.000000 0.000000 
4091 1 23.499997 23.500000 23.500000 23.499999 
4092 1 0.000000 0.000000 0.000000 0.000000 
4093 1 27.999997 28.000000 28.000000 27.999999 
4094 1 27.999997 28.000000 28.000000 27.999999 
4095 1 27.999997 28.000000 28.000000 27.999999 
4096 1 0.000000 0.000000 0.000000 0.000000 
4097 1 27.999997 28.000000 28.000000 27.999999 
4098 1 0.000000 0.000000 0.000000 0.000000 
4105 1 144.000000 64.512000 5.051250 161.403750 
4115 1 39.540001 39.540000 39.540000 39.540000 
4116 1 39.540001 39.540000 39.540000 39.540000 
4133 1 0.000000 0.000000 0.000000 0.000000 
4134 1 10.080001 10.080000 10.080000 10.080000 
4135 1 10.080001 10.080000 10.080000 10.080000 
4136 1 10.080001 10.080000 10.080000 10.080000 
4137 1 0.000000 0.000000 0.000000 0.000000 
4138 1 0.000000 0.000000 0.000000 0.000000 
4142 1 172.243250 0.460600 0.775500 183.723000 
4153 1 261.340500 60.091500 1.168200 246.861900 
4160 1 197.769845 197.770000 197.770000 188.458086 
4161 1 197.769600 197.770000 197.770000 179.223570 
4162 1 176.089406 197.770000 197.770000 154.598255 
4163 1 0.000000 0.000000 0.000000 0.000000 
4166 1 173.337375 44.320500 3.655688 183.148687 
4177 1 127.640625 6.477188 4.528125 150.000000 
4181 1 112.318631 42.023626 6.415706 160.442681 
4183 1 179.287062 97.871375 64.465187 203.000000 
4192 1 74.999995 75.000000 75.000000 74.999999 
4192 2 183.769989 183.770000 183.770000 183.769998 
4192 3 0.000000 0.000000 0.000000 0.000000 
4192 4 60.999996 61.000000 61.000000 60.999999 
4192 5 10.399997 10.400000 10.400000 10.399999 
4192 6 238.748726 267.000000 267.000000 212.321580 
4192 7 238.748726 267.000000 267.000000 212.321580 
4192 8 238.748726 267.000000 267.000000 212.321580 
4192 9 183.769989 183.770000 183.770000 183.769998 
4192 10 183.769989 183.770000 183.770000 183.769998 
4194 1 178.050600 97.196400 64.020600 201.600000 
4195 1 81.253250 44.355500 29.215750 92.000000 
5020 1 80.422500 24.906000 2.370000 113.925000 
5023 1 0.000000 0.000000 0.000000 0.000000 
5035 1 0.000000 0.000000 0.000000 0.000000 
5036 1 0.000000 0.000000 0.000000 0.000000 
5037 1 308.469998 308.470000 308.470000 308.470000 
5038 1 308.469998 308.470000 308.470000 308.470000 
5039 1 308.469998 308.470000 308.470000 308.470000 
5040 1 308.469998 308.470000 308.470000 308.470000 
5041 1 308.469998 308.470000 308.470000 308.470000 
5042 1 308.469998 308.470000 308.470000 308.470000 
5051 1 84.699998 84.700000 84.700000 84.699999 
5057 1 0.000000 0.000000 0.000000 0.000000 
5058 1 317.349993 317.350000 317.350000 317.349998 
5065 1 10.599998 10.600000 10.600000 10.600000 
5066 1 0.000000 0.000000 0.000000 0.000000 
5067 1 438.269990 438.270000 438.270000 438.269997 
5068 1 438.269990 438.270000 438.270000 438.269997 
5069 1 438.269990 438.270000 438.270000 438.269997 
5089 1 0.000000 0.000000 0.000000 0.000000 
5106 1 0.000000 0.000000 0.000000 0.000000 
5107 1 0.000000 0.000000 0.000000 0.000000 
5166 1 126.499998 126.500000 126.500000 126.500000 
5167 1 1.599998 1.600000 1.600000 1.600000 
5170 1 52.644000 0.793800 0.000000 60.000000 
5198 1 117.253125 4.797187 0.271875 150.000000 
5206 1 248.669996 248.670000 248.670000 248.669999 
5207 1 248.669996 248.670000 248.670000 248.669999 
5208 1 248.669996 248.670000 248.670000 248.669999 
5238 1 178.157813 9.262969 0.675000 224.943750 
5243 1 104.465625 2.697188 0.000000 150.000000 
5262 1 1215.000000 1215.000000 1215.000000 1215.000000 
5263 1 1214.999999 1215.000000 1215.000000 1215.000000 
5281 1 80.320007 267.730000 267.729999 80.320001 
5282 1 80.320007 267.730000 267.729999 80.320001 
5283 1 0.000000 0.000000 0.000000 0.000000 
5297 1 0.000000 0.000000 0.000000 0.000000 
5298 1 114.999997 115.000000 115.000000 114.999999 
5299 1 114.999997 115.000000 115.000000 114.999999 
5300 1 114.999997 115.000000 115.000000 114.999999 
5301 1 82.699998 82.700000 82.700000 82.700000 
5302 1 335.229134 463.750000 463.750000 222.232573 
5303 1 342.480926 463.750000 463.750000 226.986154 
5319 1 78.840008 262.800000 262.800000 78.840001 
5320 1 0.000000 0.000000 0.000000 0.000000 
5321 1 78.840008 262.800000 262.800000 78.840001 
5324 1 284.069998 284.070000 284.070000 284.070000 
5325 1 284.069998 284.070000 284.070000 284.070000 
5326 1 284.069998 284.070000 284.070000 284.070000 
5342 1 8.400000 8.400000 8.400000 8.400000 
5343 1 207.500000 207.500000 207.500000 207.500000 
5360 1 302.400008 676.067475 761.924580 302.400001 
5363 1 10.399998 10.400000 10.400000 10.400000 
5364 1 213.329997 213.330000 213.330000 213.329999 
5365 1 213.329997 213.330000 213.330000 213.329999 
5366 1 213.329997 213.330000 213.330000 213.329999 
5367 1 213.329997 213.330000 213.330000 213.329999 
5368 1 213.329997 213.330000 213.330000 213.329999 
5369 1 213.329997 213.330000 213.330000 213.329999 
5382 1 208.999998 209.000000 209.000000 209.000000 
5383 1 208.999998 209.000000 209.000000 209.000000 
5399 1 152.424450 7.426125 8.725050 165.600000 
5403 1 89.399998 89.400000 89.400000 89.400000 
5404 1 89.399998 89.400000 89.400000 89.400000 
5405 1 89.399998 89.400000 89.400000 89.400000 
5406 1 89.399998 89.400000 89.400000 89.400000 
5415 1 121.999997 122.000000 122.000000 121.999999 
5416 1 121.999997 122.000000 122.000000 121.999999 
5417 1 121.999997 122.000000 122.000000 121.999999 
5418 1 118.799997 118.800000 118.800000 118.799999 
5419 1 118.799997 118.800000 118.800000 118.799999 
5423 1 12.399999 12.400000 12.400000 12.400000 
5424 1 0.000000 0.000000 0.000000 0.000000 
5444 1 0.000000 0.000000 0.000000 0.000000 
5444 2 0.000000 0.000000 0.000000 0.000000 
5444 3 0.000000 0.000000 0.000000 0.000000 
5444 4 86.700010 289.000000 289.000000 86.700001 
5444 5 86.700010 289.000000 289.000000 86.700001 
5444 6 0.000000 0.000000 0.000000 0.000000 
5444 7 136.191235 141.300000 141.300000 77.860132 
5444 8 136.191235 141.300000 141.300000 77.860132 
6006 1 212.999991 213.000000 213.000000 212.999998 
6007 1 0.000000 0.000000 0.000000 0.000000 
6008 1 198.329993 198.330000 198.330000 198.329998 
6009 1 198.329993 198.330000 198.330000 198.329998 
6010 1 198.329993 198.330000 198.330000 198.329998 
6041 1 0.000000 0.000000 0.000000 0.000000 
6042 1 0.000000 0.000000 0.000000 0.000000 
6048 1 0.000000 0.000000 0.000000 0.000000 
6049 1 0.000000 0.000000 0.000000 0.000000 
6050 1 0.000000 0.000000 0.000000 0.000000 
6051 1 57.399998 57.400000 57.400000 57.400000 
6052 1 0.000000 0.000000 0.000000 0.000000 
6053 1 57.399998 57.400000 57.400000 57.400000 
6054 1 57.399998 57.400000 57.400000 57.400000 
6069 1 181.369992 181.370000 181.370000 181.369998 
6070 1 181.369992 181.370000 181.370000 181.369998 
6071 1 181.369993 181.370000 181.370000 181.369998 
6072 1 0.000000 0.000000 0.000000 0.000000 
6073 1 181.369992 181.370000 181.370000 181.369998 
6074 1 181.369992 181.370000 181.370000 181.369998 
6078 1 169.000082 443.435628 490.496266 169.000006 
6079 1 169.000085 445.940901 493.268789 169.000006 
6080 1 169.000086 446.301427 493.667809 169.000006 
6082 1 41.370000 41.370000 41.370000 41.370000 
6083 1 65.300000 65.300000 65.300000 65.300000 
6085 1 0.475513 0.451683 0.000000 0.000000 
6086 1 10.189555 9.678917 0.000000 0.000000 
6087 1 1.868085 1.774468 0.000000 0.000000 
6088 1 3.600309 3.419884 0.000000 0.000000 
6089 1 4.721161 4.484565 0.000000 0.000000 
6090 1 13.823830 13.131064 0.000000 0.000000 
6104 1 60.499996 60.500000 60.500000 60.499999 
6105 1 60.499996 60.500000 60.500000 60.499999 
6106 1 120.999993 121.000000 121.000000 120.999999 
6110 1 325.549651 590.600000 590.599999 287.312510 
6111 1 325.811136 661.500000 661.499999 287.542818 
6144 1 0.000000 0.000000 0.000000 0.000000 
6145 1 445.999979 446.000000 446.000000 445.999992 
6146 1 445.999979 446.000000 446.000000 445.999993 
6147 1 279.600004 314.485772 459.106746 279.600001 
6148 1 0.000000 0.000000 0.000000 0.000000 
6149 1 216.600012 721.999998 721.999999 216.600002 
6164 1 235.049981 235.050000 235.050000 235.049994 
6165 1 235.049980 235.050000 235.050000 235.049994 
6166 1 235.049982 235.050000 235.050000 235.049994 
6167 1 235.049981 235.050000 235.050000 235.049994 
6213 1 177.900000 177.900000 177.900000 177.900000 
6214 1 552.300000 552.300000 552.300000 552.300000 
6215 1 552.300000 552.300000 552.300000 552.300000 
6216 1 552.300000 552.300000 552.300000 552.300000 
6242 1 60.999998 61.000000 61.000000 61.000000 
6243 1 182.999997 183.000000 183.000000 182.999999 
6244 1 297.999995 298.000000 298.000000 297.999999 
6245 1 297.999995 298.000000 298.000000 297.999999 
6246 1 297.999995 298.000000 298.000000 297.999999 
6247 1 183.329997 183.330000 183.330000 183.329999 
6248 1 183.329997 183.330000 183.330000 183.329999 
6249 1 183.329997 183.330000 183.330000 183.329999 
6257 1 193.999993 194.000000 194.000000 193.999999 
6258 1 193.999993 194.000000 194.000000 193.999998 
6259 1 0.000000 0.000000 0.000000 0.000000 
6260 1 256.999986 257.000000 257.000000 256.999996 
6266 1 4.500000 4.500000 4.500000 4.500000 
6267 1 7.200000 7.200000 7.200000 7.200000 
6268 1 4.500000 4.500000 4.500000 4.500000 
6269 1 7.200000 7.200000 7.200000 7.200000 
6270 1 0.000000 0.000000 0.000000 0.000000 
6271 1 0.000000 0.000000 0.000000 0.000000 
6272 1 0.000000 0.000000 0.000000 0.000000 
6273 1 0.000000 0.000000 0.000000 0.000000 
6274 1 8.400000 8.400000 8.400000 8.400000 
6295 1 206.229992 206.230000 206.230000 206.229998 
6296 1 206.229992 206.230000 206.230000 206.229998 
6297 1 206.229992 206.230000 206.230000 206.229998 
6301 1 0.000000 0.000000 0.000000 0.000000 
6302 1 247.249978 247.250000 247.250000 247.249992 
6303 1 247.249979 247.250000 247.250000 247.249993 
6304 1 247.249978 247.250000 247.250000 247.249992 
6305 1 247.249977 247.250000 247.250000 247.249992 
6349 1 0.000000 0.000000 0.000000 0.000000 
6349 2 0.000000 0.000000 0.000000 0.000000 
6349 3 102.999996 103.000000 103.000000 102.999999 
6349 4 0.000000 0.000000 0.000000 0.000000 
6349 5 0.000000 0.000000 0.000000 0.000000 
6349 6 0.000000 0.000000 0.000000 0.000000 
6349 7 0.000000 0.000000 0.000000 0.000000 
6349 8 0.000000 0.000000 0.000000 0.000000 
6349 9 226.708655 363.000000 363.000000 159.288042 
6349 10 226.708655 363.000000 363.000000 159.288042 
6349 11 0.000000 0.000000 0.000000 0.000000 
7005 1 162.999997 163.000000 163.000000 162.999999 
7006 1 162.999997 163.000000 163.000000 162.999999 
7007 1 162.999997 163.000000 163.000000 162.999999 
7008 1 162.999997 163.000000 163.000000 162.999999 
7009 1 162.999997 163.000000 163.000000 162.999999 
7015 1 0.000000 0.000000 0.000000 0.000000 
7021 1 22.399996 22.400000 22.400000 22.399999 
7022 1 47.399995 47.400000 47.400000 47.399999 
7023 1 47.399995 47.400000 47.400000 47.399999 
7024 1 94.799994 94.800000 94.800000 94.799999 
7025 1 0.000000 0.000000 0.000000 0.000000 
7031 1 6.080153 12.413027 0.000000 0.000000 
7032 1 1.567050 3.199234 0.000000 0.000000 
7033 1 1.567050 3.199234 0.000000 0.000000 
7034 1 0.689502 1.407663 0.000000 0.000000 
7045 1 188.449971 188.450000 188.450000 188.449989 
7046 1 188.449972 188.450000 188.450000 188.449990 
7061 1 114.899990 114.900000 114.900000 114.899998 
7062 1 114.899990 114.900000 114.900000 114.899998 
7063 1 114.899990 114.900000 114.900000 114.899998 
7064 1 114.899990 114.900000 114.900000 114.899998 
7065 1 114.899990 114.900000 114.900000 114.899998 
7066 1 114.899990 114.900000 114.900000 114.899998 
7079 1 228.649996 228.650000 228.650000 228.649999 
7080 1 228.649996 228.650000 228.650000 228.649999 
7081 1 228.649996 228.650000 228.650000 228.649999 
7082 1 228.649996 228.650000 228.650000 228.649999 
7098 1 1354.299999 1354.300000 1354.300000 1354.300000 
7099 1 1354.299999 1354.300000 1354.300000 1354.300000 
7107 1 149.999997 150.000000 150.000000 149.999999 
7108 1 50.999998 51.000000 51.000000 51.000000 
7109 1 50.999998 51.000000 51.000000 51.000000 
7110 1 195.999997 196.000000 196.000000 195.999999 
7111 1 195.999997 196.000000 196.000000 195.999999 
7112 1 195.999997 196.000000 196.000000 195.999999 
7113 1 195.999997 196.000000 196.000000 195.999999 
7114 1 195.999997 196.000000 196.000000 195.999999 
7115 1 195.999997 196.000000 196.000000 195.999999 
7121 1 0.000000 0.000000 0.000000 0.000000 
7122 1 0.000000 0.000000 0.000000 0.000000 
7133 1 16.299998 16.300000 16.300000 16.300000 
7134 1 206.549996 206.550000 206.550000 206.549999 
7135 1 206.549996 206.550000 206.550000 206.549999 
7136 1 206.549996 206.550000 206.550000 206.549999 
7137 1 206.549996 206.550000 206.550000 206.549999 
7138 1 380.699988 380.700000 380.700000 380.699997 
7139 1 58.999998 59.000000 59.000000 59.000000 
7140 1 58.999998 59.000000 59.000000 59.000000 
7141 1 58.999998 59.000000 59.000000 59.000000 
7142 1 58.999998 59.000000 59.000000 59.000000 
7146 1 10.199998 10.200000 10.200000 10.200000 
7162 1 110.599998 110.600000 110.600000 110.600000 
7163 1 110.599998 110.600000 110.600000 110.600000 
7164 1 110.599998 110.600000 110.600000 110.600000 
7165 1 110.599998 110.600000 110.600000 110.600000 
7166 1 110.599998 110.600000 110.600000 110.600000 
7167 1 110.599998 110.600000 110.600000 110.600000 
7168 1 87.719998 87.720000 87.720000 87.720000 
7169 1 87.719998 87.720000 87.720000 87.720000 
7170 1 350.869994 350.870000 350.870000 350.869999 
7189 1 6.899998 6.900000 6.900000 6.900000 
7190 1 47.999998 48.000000 48.000000 48.000000 
7191 1 0.000000 0.000000 0.000000 0.000000 
7192 1 34.999998 35.000000 35.000000 35.000000 
7193 1 7.499998 7.500000 7.500000 7.500000 
7194 1 230.949996 230.950000 230.950000 230.949999 
7195 1 230.949996 230.950000 230.950000 230.949999 
7196 1 230.949996 230.950000 230.950000 230.949999 
7197 1 230.949996 230.950000 230.950000 230.949999 
7207 1 0.000000 0.000000 0.000000 0.000000 
7208 1 229.500006 253.508565 314.195620 229.500001 
7209 1 229.500006 255.902676 317.176424 229.500001 
7210 1 178.499997 178.500000 178.500000 178.499999 
7211 1 178.499997 178.500000 178.500000 178.499999 
7212 1 178.499997 178.500000 178.500000 178.499999 
7266 1 304.599994 304.600000 304.600000 304.599999 
7267 1 90.639998 90.640000 90.640000 90.640000 
7268 1 90.639998 90.640000 90.640000 90.640000 
7269 1 90.639998 90.640000 90.640000 90.640000 
7270 1 181.279997 181.280000 181.280000 181.279999 
7280 1 0.000000 0.000000 0.000000 0.000000 
7281 1 0.000000 0.000000 0.000000 0.000000 
7284 1 2.487805 2.341463 0.000000 0.000000 
7285 1 9.387317 8.835122 0.000000 0.000000 
7286 1 9.387317 8.835122 0.000000 0.000000 
7287 1 9.387317 8.835122 0.000000 0.000000 
7288 1 9.387317 8.835122 0.000000 0.000000 
7289 1 18.774634 17.670244 0.000000 0.000000 
7307 1 96.679991 96.680000 96.680000 96.679998 
7308 1 96.679991 96.680000 96.680000 96.679998 
7309 1 0.000000 0.000000 0.000000 0.000000 
7310 1 96.679991 96.680000 96.680000 96.679998 
7311 1 178.885074 193.370000 193.370000 140.894665 
7323 1 124.479997 124.480000 124.480000 124.479999 
7324 1 124.479997 124.480000 124.480000 124.479999 
7325 1 124.479997 124.480000 124.480000 124.479999 
7326 1 124.479997 124.480000 124.480000 124.479999 
7329 1 101.899990 101.900000 101.900000 101.899998 
7334 1 0.000000 0.000000 0.000000 0.000000 
7335 1 136.050005 136.050001 136.050006 136.050001 
7349 1 313.829994 313.830000 313.830000 313.829999 
7350 1 313.829994 313.830000 313.830000 313.829999 
7351 1 313.829994 313.830000 313.830000 313.829999 
7352 1 313.829994 313.830000 313.830000 313.829999 
7353 1 205.260015 466.131797 523.629254 205.260002 
7354 1 205.260015 475.748153 534.498581 205.260002 
7355 1 205.260015 475.748153 534.498581 205.260002 
7356 1 205.000015 471.257414 529.421880 205.000002 
7357 1 16.299998 16.300000 16.300000 16.300000 
7358 1 225.199996 225.200000 225.200000 225.199999 
7359 1 225.199996 225.200000 225.200000 225.199999 
7360 1 225.199996 225.200000 225.200000 225.199999 
7361 1 102.699998 102.700000 102.700000 102.700000 
7369 1 107.269998 107.270000 107.270000 107.270000 
7370 1 107.269998 107.270000 107.270000 107.270000 
7371 1 107.269998 107.270000 107.270000 107.270000 
7372 1 107.269998 107.270000 107.270000 107.270000 
7373 1 107.269998 107.270000 107.270000 107.270000 
7374 1 107.269998 107.270000 107.270000 107.270000 
7375 1 183.659997 183.660000 183.660000 183.659999 
7376 1 183.659997 183.660000 183.660000 183.659999 
7377 1 183.659997 183.660000 183.660000 183.659999 
7378 1 183.659997 183.660000 183.660000 183.659999 
7379 1 183.659997 183.660000 183.660000 183.659999 
7389 1 489.007283 542.800000 542.799999 449.786615 
7400 1 71.999998 72.000000 72.000000 72.000000 
7400 2 71.999998 72.000000 72.000000 72.000000 
7400 3 71.999998 72.000000 72.000000 72.000000 
7400 4 71.999998 72.000000 72.000000 72.000000 
7400 5 143.999997 144.000000 144.000000 143.999999 
7400 6 446.399966 446.400000 446.400000 446.399989 
7406 1 63.099994 63.100000 63.100000 63.099999 
7406 2 93.000018 310.000000 309.999999 93.000003 
7414 1 102.399993 102.400000 102.400000 102.399999 
7419 1 88.199998 88.200000 88.200000 88.200000 
7419 2 88.199998 88.200000 88.200000 88.200000 
7422 1 6.799998 6.800000 6.800000 6.800000 
7422 2 172.199997 172.200000 172.200000 172.199999 
7422 3 172.199997 172.200000 172.200000 172.199999 
7422 4 112.499997 112.500000 112.500000 112.500000 
7422 5 112.499997 112.500000 112.500000 112.500000 
7422 6 112.499997 112.500000 112.500000 112.500000 
7422 7 112.499997 112.500000 112.500000 112.500000 
7422 8 191.099997 191.100000 191.100000 191.099999 
7422 9 172.199997 172.200000 172.200000 172.199999 
7422 10 172.199997 172.200000 172.200000 172.199999 
7422 11 172.199997 172.200000 172.200000 172.199999 
7428 1 100.519998 100.520000 100.520000 100.520000 
7428 2 129.999997 130.000000 130.000000 129.999999 
7428 3 129.999997 130.000000 130.000000 129.999999 
7428 4 100.519998 100.520000 100.520000 100.520000 
7428 5 100.519998 100.520000 100.520000 100.520000 
7428 6 100.519998 100.520000 100.520000 100.520000 
7428 7 100.519998 100.520000 100.520000 100.520000 
7428 8 100.519998 100.520000 100.520000 100.520000 
7428 9 74.999998 75.000000 75.000000 75.000000 
7428 10 0.000000 0.000000 0.000000 0.000000 
7428 11 11.699998 11.700000 11.700000 11.700000 
8024 1 12.860878 13.650732 0.000000 0.000000 
8033 1 0.000000 0.000000 0.000000 0.000000 
8034 1 0.000000 0.000000 0.000000 0.000000 
8035 1 0.000000 0.000000 0.000000 0.000000 
8036 1 0.000000 0.000000 0.000000 0.000000 
8046 1 69.806120 172.670000 172.670000 51.800007 
8047 1 0.000000 0.000000 0.000000 0.000000 
8048 1 67.789625 172.670000 172.670000 51.800007 
8049 1 69.433819 172.670000 172.670000 51.800007 
8050 1 0.000000 0.000000 0.000000 0.000000 
8051 1 0.000000 0.000000 0.000000 0.000000 
8060 1 0.000000 0.000000 0.000000 0.000000 
8061 1 0.000000 0.000000 0.000000 0.000000 
8070 1 0.000000 0.000000 0.000000 0.000000 
8071 1 277.470012 767.197521 860.939383 277.470001 
8077 1 234.899998 234.900000 234.900000 234.900000 
8078 1 234.899998 234.900000 234.900000 234.900000 
8079 1 234.899998 234.900000 234.900000 234.900000 
8080 1 234.899998 234.900000 234.900000 234.900000 
8087 1 0.000000 0.000000 0.000000 0.000000 
8088 1 269.310008 613.959127 694.829541 269.310001 
8099 1 29.657812 35.046094 0.000000 0.000000 
8115 1 0.000000 0.000000 0.000000 0.000000 
8116 1 0.000000 0.000000 0.000000 0.000000 
8117 1 105.510002 105.510002 173.169125 105.510000 
8129 1 442.838001 660.000000 660.000000 403.765251 
8130 1 436.720464 660.000000 660.000000 398.169131 
8131 1 442.146771 660.000000 660.000000 403.131917 
8147 1 0.000000 0.000000 0.000000 0.000000 
8147 2 0.000000 0.000000 0.000000 0.000000 
8152 1 0.000000 0.000000 0.000000 0.000000 
8155 1 0.000000 0.000000 0.000000 0.000000 
8155 2 107.486513 174.600000 174.600000 63.316938 
8158 1 0.000000 0.000000 0.000000 0.000000 
8158 2 0.000000 0.000000 0.000000 0.000000 
