1004 1  88.677 47.774 47.648 0.0 0.0 
1009 1  34.669 0.0 0.0 0.0 0.0 
1021 1  83.847 45.172 45.053 0.0 0.0 
1023 1  75.649 40.755 40.648 0.0 0.0 
1026 1  52.197 0.0 0.0 0.0 0.0 
1033 1  116.835 62.944 62.778 0.0 0.0 
1035 1  37.824 0.0 0.0 0.0 0.0 
1039 1  61.993 33.398 33.310 0.0 0.0 
1042 1  68.308 0.0 0.0 -0.000 -0.000 
1057 1  67.243 0.0 0.0 -0.000 -0.000 
1066 1  59.891 32.266 32.181 0.0 0.0 
1070 1  67.456 36.342 36.246 0.0 0.0 
1082 1  63.040 33.963 33.873 0.0 0.0 
1084 1  48.538 0.0 0.0 0.0 0.0 
1088 1  31.520 0.0 0.0 0.0 0.0 
1090 1  30.259 0.0 0.0 0.0 0.0 
2019 1  -0.000 -0.000 183.507 43.304 94.782 
2062 1  72.152 59.238 56.301 49.782 72.578 
2071 1  60.864 0.0 31.207 0.0 33.876 
2078 1  45.651 0.0 0.0 0.0 0.0 
2094 1  -0.000 -0.000 0.0 0.0 0.0 
2095 1  -0.000 -0.000 0.0 0.0 0.0 
2100 1  44.363 83.994 85.420 0.0 31.869 
2127 1  31.895 108.063 164.493 83.061 65.513 
3017 1  71.238 38.379 38.278 0.0 0.0 
3020 1  63.040 33.963 33.873 0.0 0.0 
3028 1  81.152 0.0 41.609 0.0 45.168 
3034 1  54.842 0.0 0.0 0.0 0.0 
3039 1  87.836 47.321 47.197 0.0 0.0 
3048 1  101.285 54.567 54.423 0.0 0.0 
3055 1  103.039 55.512 55.365 0.0 0.0 
3056 1  103.039 55.512 55.365 0.0 0.0 
3057 1  103.039 55.512 55.365 0.0 0.0 
3060 1  69.608 37.501 37.402 0.0 0.0 
3061 1  69.608 37.501 37.402 0.0 0.0 
3062 1  69.608 37.501 37.402 0.0 0.0 
3063 1  69.608 37.501 37.402 0.0 0.0 
3065 1  33.829 0.0 0.0 0.0 0.0 
3068 1  63.040 33.963 33.873 0.0 0.0 
3071 1  71.530 38.536 38.435 0.0 0.0 
3074 1  41.943 0.0 0.0 0.0 0.0 
3081 1  104.647 56.378 56.229 0.0 0.0 
3084 1  97.710 52.641 52.502 0.0 0.0 
3086 1  31.520 0.0 0.0 0.0 0.0 
3087 1  42.027 0.0 0.0 -0.000 -0.000 
3092 1  84.054 45.284 45.164 0.0 0.0 
3095 1  50.685 0.0 0.0 0.0 0.0 
3098 1  67.243 36.227 36.131 0.0 0.0 
3110 1  35.303 0.0 0.0 0.0 0.0 
3112 1  31.436 0.0 0.0 0.0 0.0 
3113 1  31.436 0.0 0.0 0.0 0.0 
3118 1  50.432 0.0 0.0 0.0 0.0 
3122 1  82.793 44.604 44.487 0.0 0.0 
3127 1  56.736 30.566 30.486 0.0 0.0 
3129 1  53.167 0.0 0.0 0.0 0.0 
3131 1  47.911 0.0 0.0 0.0 0.0 
3137 1  42.531 0.0 0.0 0.0 0.0 
3141 1  38.452 0.0 0.0 0.0 0.0 
4010 1  84.726 45.646 45.526 0.0 0.0 
4050 1  84.054 45.284 45.164 0.0 0.0 
4105 1  73.037 0.0 37.448 0.0 40.651 
4142 1  79.011 42.567 42.454 0.0 0.0 
4153 1  119.020 64.122 63.953 0.0 0.0 
4166 1  84.474 45.510 45.390 0.0 0.0 
4177 1  63.040 33.963 33.873 0.0 0.0 
4181 1  81.190 0.0 41.629 0.0 45.189 
4183 1  85.315 45.963 45.842 0.0 0.0 
4194 1  84.726 45.646 45.526 0.0 0.0 
4195 1  38.665 0.0 0.0 0.0 0.0 
5020 1  48.691 0.0 0.0 0.0 0.0 
5198 1  60.864 0.0 31.207 0.0 33.876 
5238 1  91.296 0.0 46.810 0.0 50.814 
5243 1  60.864 0.0 31.207 0.0 33.876 
5399 1  67.194 0.0 34.452 0.0 37.399 
